Chromosome	Start	End	Start.snp	End.snp	Length.snp.	Median_Ratio	Median_logR	TITAN_state	TITAN_call	Copy_Number	MinorCN	MajorCN	Clonal_Cluster	Cellular_Prevalence	logR_Copy_Number	Corrected_logR	Corrected_Ratio	Corrected_Copy_Number	Corrected_Call	Corrected_MajorCN	Corrected_MinorCN
chr1	1	1703277	894573	1559971	9	0.575342	-0.088942	5	GAIN	3	1	2	1	1	2.994597851	-0.14272445	0.623206043	3	GAIN	2	1
chr1	1703278	4867702	1846582	3800242	43	0.55814	0.437591	11	UBCNA	5	2	3	1	1	5.151563342	0.639923588	0.579610726	5	HLAMP	3	2
chr1	4867703	10575799	5935162	10555257	87	0.546218	0.148834	8	BCNA	4	2	2	1	1	3.872017057	0.227998583	0.5689263	4	AMP	2	2
chr1	10575800	26721652	10596341	26691174	311	0.574257	0.341764	11	UBCNA	5	2	3	1	1	4.698242813	0.507034552	0.604325564	5	HLAMP	3	2
chr1	26721653	132672438	26752129	120469077	766	0.60218	-0.107211	5	GAIN	3	1	2	1	1	2.932977133	-0.172720901	0.668457782	3	GAIN	2	1
chr1	132672439	148643986	144875799	147381558	32	0.65942	0.417031	10	ASCNA	5	1	4	1	1	5.051748929	0.611696215	0.719456006	5	HLAMP	4	1
chr1	148643987	152712609	149906413	152692781	67	0.6	0.572306	15	BCNA	6	3	3	1	1	5.841980245	0.821370755	0.632564968	6	HLAMP	3	3
chr1	152712610	153252329	152732436	153234295	14	0.622535	0.861214	23	UBCNA	8	3	5	1	1	7.559035643	1.193115467	0.6533743	8	HLAMP	5	3
chr1	153252330	169689189	153270362	169679553	338	0.59073	0.502484	15	BCNA	6	3	3	1	1	5.476099354	0.728061897	0.6222503	6	HLAMP	3	3
chr1	169689190	170174569	169698825	169847683	12	0.542763	1.026313	24	BCNA	8	4	4	1	1	8.706173375	1.396952026	0.552107404	9	HLAMP	5	4
chr1	170174570	172088466	170501456	171765964	28	0.701626	0.284416	7	ASCNA	4	1	3	1	1	4.441008206	0.425800513	0.787998543	4	AMP	3	1
chr1	172088467	189598725	172410967	186649221	145	0.826855	0.114562	6	ALOH	4	0	4	1	1	3.736458245	0.176584676	0.993275087	4	AMP	4	0
chr1	189598726	212368230	192548229	212220847	233	0.684932	0.202405	7	ASCNA	4	1	3	1	1	4.090468283	0.30717929	0.770942165	4	AMP	3	1
chr1	212368231	213828400	212515613	213178340	17	0.685714	-0.974164	1	DLOH	1	0	1	1	1	0.748837336	-2.142362452	1	1	HETD	1	0
chr1	213828401	217794068	214478459	217783810	26	0.545085	-0.546322	3	HET	2	1	1	NA	NA	1.664110631	-0.990335377	0.596626924	2	NEUT	1	1
chr1	217794069	226340459	217804325	226125617	50	0.675073	0.197476	7	ASCNA	4	1	3	1	1	4.070028317	0.299952107	0.756906757	4	AMP	3	1
chr1	226340460	249250621	226555302	249110906	196	0.550281	-0.384766	3	HET	2	1	1	NA	NA	2.086721171	-0.663848885	0.596121593	2	NEUT	1	1
chr2	1	59692385	234130	58387000	527	0.580838	0.293509	8	BCNA	4	2	2	1	1	4.481115867	0.438771306	0.615157435	4	AMP	2	2
chr2	59692386	86661495	60997770	86344095	225	0.6	-0.100755	5	GAIN	3	1	2	1	1	2.954663906	-0.162092692	0.664387663	3	GAIN	2	1
chr2	86661496	100692945	86978895	100288931	71	0.535088	0.068383	8	BCNA	4	2	2	1	1	3.558821799	0.10631297	0.553844989	4	AMP	2	2
chr2	100692946	104516651	101096960	103378857	51	0.704918	-0.335888	2	NLOH	2	0	2	1	1	2.224188029	-0.571807968	0.88019275	2	NEUT	2	0
chr2	104516652	147740573	105654446	145155731	178	0.552086	0.155461	8	BCNA	4	2	2	1	1	3.898602956	0.23787051	0.57750291	4	AMP	2	2
chr2	147740574	160500861	150325416	160116281	48	0.755981	-0.386212	2	NLOH	2	0	2	1	1	2.082724875	-0.66661445	0.989803647	2	NEUT	2	0
chr2	160500862	167543506	160885442	167327064	42	0.632967	0.373838	7	ASCNA	4	1	3	1	1	4.846632579	0.551895992	0.685160271	4	AMP	3	1
chr2	167543507	169912820	167759948	169814655	23	0.777778	-0.77742	2	NLOH	2	0	2	1	1	1.136212132	-1.540854512	1	2	NEUT	2	0
chr2	169912821	170097466	170010985	170059190	7	0.691667	0.95186	22	UBCNA	8	2	6	1	1	8.172582807	1.305705365	0.736283835	8	HLAMP	6	2
chr2	170097467	171219790	170135742	170929880	21	0.758621	-0.528044	2	NLOH	2	0	2	1	1	1.709583927	-0.951441476	1	2	NEUT	2	0
chr2	171219791	173153029	171509700	172966250	11	0.538462	0.127627	8	BCNA	4	2	2	1	1	3.787755842	0.196256613	0.557779932	4	AMP	2	2
chr2	173153030	174957326	173339808	174820750	14	0.723411	-0.432808	2	NLOH	2	0	2	1	1	1.956068876	-0.757129554	0.940696705	2	NEUT	2	0
chr2	174957327	179602503	175093901	179554305	40	0.587768	0.339421	8	BCNA	4	2	2	1	1	4.687531717	0.503741727	0.623388723	4	AMP	2	2
chr2	179602504	180559257	179650701	180308335	7	0.625	0.903961	23	UBCNA	8	3	5	1	1	7.843573387	1.246424345	0.655318436	8	HLAMP	5	3
chr2	180559258	183255450	180810180	182926144	15	0.647541	0.387537	7	ASCNA	4	1	3	1	1	4.911023094	0.570936882	0.70469564	4	AMP	3	1
chr2	183255451	187091057	183584755	186678887	28	0.61597	-0.427451	3	HET	2	1	1	NA	NA	1.97042288	-0.746581439	0.727938784	2	NEUT	1	1
chr2	187091058	197714641	187503226	197566068	34	0.597976	0.129515	8	BCNA	4	2	2	1	1	3.795207257	0.199091949	0.647088829	4	AMP	2	2
chr2	197714642	216958460	197863214	216904019	122	0.76	-0.412833	2	NLOH	2	0	2	1	1	2.009863844	-0.717988954	1	2	NEUT	2	0
chr2	216958461	219111290	217012901	219000734	21	0.596774	-0.090757	5	GAIN	3	1	2	1	1	2.988440948	-0.145693689	0.658380248	3	GAIN	2	1
chr2	219111291	219322344	219221846	219305404	15	0.612069	0.33984	11	UBCNA	5	2	3	1	1	4.689445911	0.504330744	0.65753374	5	HLAMP	3	2
chr2	219322345	221403940	219339283	220506522	60	0.597821	0.522809	15	BCNA	6	3	3	1	1	5.580785489	0.755381469	0.631167289	6	HLAMP	3	3
chr2	221403941	236712086	222301357	236708166	151	0.757576	-0.460801	2	NLOH	2	0	2	1	1	1.881922873	-0.812879221	1	2	NEUT	2	0
chr2	236712087	237595616	236716006	236957822	3	0.821656	0.056842	6	ALOH	4	0	4	1	1	3.515308112	0.08856442	0.995732043	4	AMP	4	0
chr2	237595617	239669861	238233410	239335851	22	0.644965	0.639735	14	UBCNA	6	2	4	1	1	6.212532654	0.910094805	0.689357052	6	HLAMP	4	2
chr2	239669862	243199373	240003870	242758179	70	0.768375	-0.452015	2	NLOH	2	0	2	1	1	1.905039923	-0.795265492	1	2	NEUT	2	0
chr3	1	8050975	361508	7494417	39	0.566929	-0.053585	5	GAIN	3	1	2	1	1	3.116095219	-0.085347406	0.607790505	3	GAIN	2	1
chr3	8050976	76037220	8607533	74474166	573	0.55	0.169515	8	BCNA	4	2	2	1	1	3.955389897	0.258733189	0.574048691	4	AMP	2	2
chr3	76037221	87733578	77600273	86010600	5	0.895349	2.777134	6	ALOH	4	0	4	1	1	33.80084955	3.353900878	0.91760073	4	AMP	4	0
chr3	87733579	97829046	89456555	97806616	17	0.545455	-0.013932	5	GAIN	3	1	2	1	1	3.255944567	-0.022010587	0.572014225	3	GAIN	2	1
chr3	97829047	98028796	97851475	97984280	10	0.538101	-0.400625	3	HET	2	1	1	NA	NA	2.043109984	-0.694319856	0.573578693	2	NEUT	1	1
chr3	98028797	198022430	98073313	196746629	820	0.55	0.169439	8	BCNA	4	2	2	1	1	3.95508132	0.258620633	0.574050568	4	AMP	2	2
chr4	1	36888897	155713	36345377	278	0.622515	-0.072541	5	GAIN	3	1	2	1	1	3.050586514	-0.116000079	0.6989191	3	GAIN	2	1
chr4	36888898	79625285	37432416	79417863	229	0.565217	0.212378	8	BCNA	4	2	2	1	1	4.132039313	0.321767256	0.595243666	4	AMP	2	2
chr4	79625286	191154276	79832706	190862287	447	0.746835	-0.412529	2	NLOH	2	0	2	1	1	2.010688318	-0.717397261	0.98038116	2	NEUT	2	0
chr5	1	15623611	224418	14769103	126	0.675676	0.149781	7	ASCNA	4	1	3	1	1	3.875808714	0.229410645	0.761906488	4	AMP	3	1
chr5	15623612	29145320	16478120	26988424	16	0.633787	-0.182354	5	GAIN	3	1	2	1	1	2.687570222	-0.298784274	0.728490241	3	GAIN	2	1
chr5	29145321	40790875	31302215	40746885	105	0.548148	0.143574	8	BCNA	4	2	2	1	1	3.851001988	0.220147143	0.571933663	4	AMP	2	2
chr5	40790876	47497074	40834864	44310492	34	0.550313	-0.056851	5	GAIN	3	1	2	1	1	3.104747018	-0.090611006	0.581142376	3	GAIN	2	1
chr5	47497075	115799025	50683655	115783553	414	0.553709	0.166741	8	BCNA	4	2	2	1	1	3.944137342	0.254623065	0.579615323	4	AMP	2	2
chr5	115799026	171220862	115814496	170640827	488	0.6	-0.102275	5	GAIN	3	1	2	1	1	2.949549236	-0.164592233	0.664499314	3	GAIN	2	1
chr5	171220863	180915260	171800897	180627250	106	0.554094	-0.49059	3	HET	2	1	1	NA	NA	1.804583959	-0.873420458	0.611121292	2	NEUT	1	1
chr6	1	1012538	549364	630033	8	0.796221	0.192243	6	ALOH	4	0	4	1	1	4.048403991	0.29226654	0.935422125	4	AMP	4	0
chr6	1012539	31017113	1395043	28403603	278	0.785262	-0.140243	4	ALOH	3	0	3	1	1	2.823523076	-0.227590302	0.977466401	3	GAIN	3	0
chr6	31017114	39492297	33630624	39325078	125	0.753968	-0.46974	2	NLOH	2	0	2	1	1	1.858547298	-0.830911321	1	2	NEUT	2	0
chr6	39492298	56875903	39659516	56507135	179	0.55102	0.099146	8	BCNA	4	2	2	1	1	3.676524271	0.153255784	0.577420598	4	AMP	2	2
chr6	56875904	72478289	57244672	72011086	57	0.588235	0.005708	5	GAIN	3	1	2	1	1	3.326647926	0.008982463	0.638694715	3	GAIN	2	1
chr6	72478290	83304300	72945492	82941656	56	0.743978	-0.457862	2	NLOH	2	0	2	1	1	1.88964008	-0.806975254	0.989608516	2	NEUT	2	0
chr6	83304301	90877259	83666943	90497589	70	0.792778	-0.12424	4	ALOH	3	0	3	1	1	2.876237325	-0.200904004	0.986431106	3	GAIN	3	0
chr6	90877260	98500271	91256928	97677118	10	0.762039	-0.454313	2	NLOH	2	0	2	1	1	1.89898	-0.799862014	1	2	NEUT	2	0
chr6	98500272	101171028	99323424	101094554	9	0.553846	0.123181	8	BCNA	4	2	2	1	1	3.770247176	0.189572385	0.581016296	4	AMP	2	2
chr6	101171029	103879195	101247503	102513865	4	0.564951	-0.602696	3	HET	2	1	1	NA	NA	1.527433743	-1.113976925	0.645848334	2	NEUT	1	1
chr6	103879196	117463423	105244526	117252759	77	0.659574	0.469115	7	ASCNA	4	1	3	1	1	5.307395059	0.682917216	0.716773398	4	AMP	3	1
chr6	117463424	120626558	117674087	119628029	14	0.632468	0.597944	14	UBCNA	6	2	4	1	1	5.980835743	0.855260372	0.674604635	6	HLAMP	4	2
chr6	120626559	136534879	121625087	136472496	68	0.622539	0.081651	7	ASCNA	4	1	3	1	1	3.609278913	0.126623909	0.687128903	4	AMP	3	1
chr6	136534880	137252044	136597262	137026266	7	0.697368	-0.39828	2	NLOH	2	0	2	1	1	2.049528413	-0.689794734	0.880571406	2	NEUT	2	0
chr6	137252045	144860993	137477823	144852201	34	0.545607	0.570984	15	BCNA	6	3	3	1	1	5.83488697	0.819617985	0.56047696	6	HLAMP	3	3
chr6	144860994	152412886	144869785	152382382	53	0.5625	0.33241	8	BCNA	4	2	2	1	1	4.655584422	0.493875558	0.588039745	4	AMP	2	2
chr6	152412887	156962208	152443389	155597147	42	0.55879	0.580332	15	BCNA	6	3	3	1	1	5.885184057	0.832000811	0.5777944	6	HLAMP	3	3
chr6	156962209	161170963	158327269	160872151	60	0.727834	-0.455322	2	NLOH	2	0	2	1	1	1.896322272	-0.80188256	0.956402898	2	NEUT	2	0
chr6	161170964	166844079	161469774	166826021	20	0.827134	0.056101	6	ALOH	4	0	4	1	1	3.512526152	0.087422242	1	4	AMP	4	0
chr6	166844080	169040303	166862136	168462765	20	0.757934	-0.349794	2	NLOH	2	0	2	1	1	2.184602949	-0.59771563	0.982553173	2	NEUT	2	0
chr6	169040304	170151162	169617840	170143300	16	0.580437	0.364117	11	UBCNA	5	2	3	1	1	4.801309635	0.538341253	0.612308822	5	HLAMP	3	2
chr6	170151163	171115067	170159023	170892100	17	0.789474	-0.321532	2	NLOH	2	0	2	1	1	2.265456342	-0.545285036	1	2	NEUT	2	0
chr7	1	22939149	195501	22862467	181	0.583333	0.19503	8	BCNA	4	2	2	1	1	4.059910948	0.296361358	0.62238212	4	AMP	2	2
chr7	22939150	25784247	23015831	25182373	44	0.627352	0.496475	14	UBCNA	6	2	4	1	1	5.44543076	0.719959453	0.67184424	6	HLAMP	4	2
chr7	25784248	29263324	26386122	29132212	16	0.620378	0.29514	7	ASCNA	4	1	3	1	1	4.488336704	0.441094183	0.671401758	4	AMP	3	1
chr7	29263325	30715048	29394435	30634764	18	0.628827	0.53089	14	UBCNA	6	2	4	1	1	5.622819054	0.766206896	0.672414658	6	HLAMP	4	2
chr7	30715049	38836903	30795331	38816441	57	0.615385	0.409732	11	UBCNA	5	2	3	1	1	5.016654587	0.601638883	0.659141835	5	HLAMP	3	2
chr7	38836904	39935107	38857364	39649707	9	0.57265	0.87205	24	BCNA	8	4	4	1	1	7.630367789	1.206665873	0.590763438	8	HLAMP	5	3
chr7	39935108	55729533	40220507	55467923	103	0.59799	0.54132	15	BCNA	6	3	3	1	1	5.677420228	0.780148806	0.630825336	6	HLAMP	3	3
chr7	55729534	123993429	55991144	123599483	445	0.566474	0.247916	8	BCNA	4	2	2	1	1	4.282532958	0.373377624	0.596003891	4	AMP	2	2
chr7	123993430	136247236	124387374	135418626	110	0.608086	0.469617	11	UBCNA	5	2	3	1	1	5.309904229	0.683599116	0.646811185	5	HLAMP	3	2
chr7	136247237	138206858	137075847	138145153	11	0.745763	-0.561319	2	NLOH	2	0	2	1	1	1.627227923	-1.022670384	1	2	NEUT	2	0
chr7	138206859	139120520	138268563	139102490	11	0.791111	0.005875	4	ALOH	3	0	3	1	1	3.327253257	0.009244958	0.957560886	3	GAIN	3	0
chr7	139120521	159138663	139138551	158902425	163	0.683333	-0.857829	1	DLOH	1	0	1	1	1	0.971485273	-1.766822694	1	1	HETD	1	0
chr8	1	20830705	566417	20110641	166	0.817627	0.135893	6	ALOH	4	0	4	1	1	3.820451701	0.208656497	0.975793114	4	AMP	4	0
chr8	20830706	29992910	21550768	29989564	141	0.617647	0.555833	14	UBCNA	6	2	4	1	1	5.754055738	0.799492472	0.656544128	6	HLAMP	4	2
chr8	29992911	40173828	29996256	39792914	50	0.596043	0.28803	8	BCNA	4	2	2	1	1	4.456918677	0.430959912	0.637039025	4	AMP	2	2
chr8	40173829	45725135	40554742	42608563	39	0.769231	-0.479742	2	NLOH	2	0	2	1	1	1.83256309	-0.851223857	1	2	NEUT	2	0
chr8	45725136	58604214	48841708	57878990	9	0.583333	0.072116	8	BCNA	4	2	2	1	1	3.57297121	0.112037564	0.627703901	4	AMP	2	2
chr8	58604215	63107978	59329438	62556590	17	0.75	-0.358263	2	NLOH	2	0	2	1	1	2.160681218	-0.613600489	0.970120281	2	NEUT	2	0
chr8	63107979	65228109	63659367	63938764	5	0.707317	-0.043508	5	GAIN	3	1	2	1	1	3.151271607	-0.06915262	0.832475349	3	GAIN	2	1
chr8	65228110	66827962	66517454	66691934	5	0.680412	0.789555	22	UBCNA	8	2	6	1	1	7.100562474	1.102846588	0.728749414	7	HLAMP	5	2
chr8	66827963	68173052	66963989	67380528	10	0.545	0.231929	8	BCNA	4	2	2	1	1	4.214373502	0.350231455	0.565313756	4	AMP	2	2
chr8	68173053	71428206	68965576	70744812	17	0.734694	-0.259454	2	NLOH	2	0	2	1	1	2.448711902	-0.433063678	0.917031099	2	NEUT	2	0
chr8	71428207	87548155	72111599	87451151	46	0.598561	0.109632	8	BCNA	4	2	2	1	1	3.717221803	0.16913805	0.649003589	4	AMP	2	2
chr8	87548156	89425395	87645159	87917236	4	0.582577	-0.426615	3	HET	2	1	1	NA	NA	1.972667742	-0.744938743	0.662214186	2	NEUT	1	1
chr8	89425396	92687119	90933554	92401457	11	0.705674	0.679297	22	UBCNA	8	2	6	1	1	6.438142989	0.961557894	0.766449637	6	HLAMP	5	1
chr8	92687120	100114396	92972780	99208244	46	0.619869	-0.208134	5	GAIN	3	1	2	1	1	2.606278291	-0.343095585	0.707366741	3	GAIN	2	1
chr8	100114397	111921096	101020548	110598198	74	0.617424	0.32777	8	BCNA	4	2	2	1	1	4.63452637	0.487335184	0.665625689	4	AMP	2	2
chr8	111921097	113542105	113243995	113485014	13	0.648148	0.627772	14	UBCNA	6	2	4	1	1	6.145520558	0.894448495	0.694009459	6	HLAMP	4	2
chr8	113542106	117234329	113599196	116599199	5	0.625	0.23716	7	ASCNA	4	1	3	1	1	4.236592422	0.357817617	0.681131167	4	AMP	3	1
chr8	117234330	118502301	117869460	118185025	3	0.659574	-0.751363	1	DLOH	1	0	1	1	1	1.191592851	-1.472195351	0.914342065	1	HETD	1	0
chr8	118502302	142874084	118819578	142437352	172	0.543989	0.122845	8	BCNA	4	2	2	1	1	3.768926176	0.189066812	0.566193306	4	AMP	2	2
chr8	142874085	145412584	143310815	145247168	54	0.571314	0.497984	11	UBCNA	5	2	3	1	1	5.453120352	0.721995272	0.596193432	5	HLAMP	3	2
chr8	145412585	146364022	145577999	146076708	43	0.769231	-0.444532	2	NLOH	2	0	2	1	1	1.924839938	-0.780348243	1	2	NEUT	2	0
chr9	1	18939413	215269	18928039	116	0.73913	-0.411231	2	NLOH	2	0	2	1	1	2.014210563	-0.714872216	0.964990321	2	NEUT	2	0
chr9	18939414	19211208	18950787	19126476	7	0.666667	-0.994054	1	DLOH	1	0	1	1	1	0.712535805	-2.214052308	1	1	HETD	1	0
chr9	19211209	20964673	19295941	20953049	6	0.621666	-0.44336	3	HET	2	1	1	NA	NA	1.927950362	-0.778018817	0.741722071	2	NEUT	1	1
chr9	20964674	20980317	20976298	20978306	2	0.565789	-1.333945	0	HOMD	0	0	0	1	1	0.163655214	-4.336355251	1	0	HOMD	0	0
chr9	20980318	29940503	20982328	27455095	29	0.75	-0.624145	2	NLOH	2	0	2	1	1	1.47681794	-1.162594741	1	2	NEUT	2	0
chr9	29940504	33867553	32425910	33799370	30	0.587505	0.269435	8	BCNA	4	2	2	1	1	4.375478431	0.40435405	0.625551794	4	AMP	2	2
chr9	33867554	35072821	33935736	35068201	33	0.564103	-0.343244	3	HET	2	1	1	NA	NA	2.203200772	-0.585485755	0.619455218	2	NEUT	1	1
chr9	35072822	54938171	35077441	38397355	60	0.586963	-0.189629	5	GAIN	3	1	2	1	1	2.664482691	-0.311231263	0.649054529	3	GAIN	2	1
chr9	54938172	72597947	71478986	72472831	20	0.786258	0.821137	21	ASCNA	8	1	7	1	1	7.299819961	1.142774158	0.860860989	7	HLAMP	6	1
chr9	72597948	78937410	72723062	78936776	52	0.755001	0.397362	10	ASCNA	5	1	4	1	1	4.957582294	0.584549996	0.852855927	5	HLAMP	4	1
chr9	78937411	89648651	78938043	88953522	35	0.79661	0.437515	6	ALOH	4	0	4	1	1	5.151191753	0.639819521	0.906154056	4	AMP	4	0
chr9	89648652	118008292	90343780	117853022	285	0.629032	-0.22728	5	GAIN	3	1	2	1	1	2.546838408	-0.376379298	0.725416408	3	GAIN	2	1
chr9	118008293	118557286	118163563	118164574	2	0.660606	-1.106924	1	DLOH	1	0	1	1	1	0.515750065	-2.680342723	1	1	HETD	1	0
chr9	118557287	129215134	118949998	129184091	58	0.643233	-0.179101	5	GAIN	3	1	2	1	1	2.697931487	-0.293233013	0.744233359	3	GAIN	2	1
chr9	129215135	132254731	129246177	131940019	102	0.743769	0.191503	7	ASCNA	4	1	3	1	1	4.045352415	0.291178665	0.858408124	4	AMP	3	1
chr9	132254732	133154879	132569442	133058197	23	0.633333	-0.397589	3	HET	2	1	1	NA	NA	2.051421719	-0.688462621	0.756982808	2	NEUT	1	1
chr9	133154880	141213431	133251562	141016531	253	0.637363	-0.22989	5	GAIN	3	1	2	1	1	2.538796434	-0.380942003	0.740295527	3	GAIN	2	1
chr10	1	15182141	696237	15106441	89	0.76	-0.514624	2	NLOH	2	0	2	1	1	1.743339847	-0.923232888	1	2	NEUT	2	0
chr10	15182142	26197001	15257841	25888180	84	0.802174	0.085829	6	ALOH	4	0	4	1	1	3.625263811	0.13299926	0.960746628	4	AMP	4	0
chr10	26197002	34651842	26505822	34636820	49	0.745763	-0.358211	2	NLOH	2	0	2	1	1	2.16082767	-0.613502705	0.962138016	2	NEUT	2	0
chr10	34651843	48047828	34666864	47668858	47	0.576471	0.286729	8	BCNA	4	2	2	1	1	4.451186492	0.429103222	0.609154738	4	AMP	2	2
chr10	48047829	52078076	48426798	51586514	52	0.674567	0.190387	7	ASCNA	4	1	3	1	1	4.040753266	0.289537537	0.756755407	4	AMP	3	1
chr10	52078077	80362658	52569637	79616360	181	0.752137	-0.497856	2	NLOH	2	0	2	1	1	1.785960817	-0.888386296	1	2	NEUT	2	0
chr10	80362659	94494923	81108956	94294291	86	0.809825	-0.085364	4	ALOH	3	0	3	1	1	3.00675797	-0.136877982	1	3	GAIN	3	0
chr10	94494924	111994304	94695555	111647738	241	0.834286	0.141718	6	ALOH	4	0	4	1	1	3.843605053	0.217373376	0.999744918	4	AMP	4	0
chr10	111994305	115407752	112340871	115405664	39	0.710526	0.419078	10	ASCNA	5	1	4	1	1	5.061623037	0.614513342	0.789653362	5	HLAMP	4	1
chr10	115407753	122953704	115409840	122668296	73	0.717647	0.319512	7	ASCNA	4	1	3	1	1	4.597215604	0.475673604	0.807714594	4	AMP	3	1
chr10	122953705	123438025	123239112	123279795	5	0.789157	1.031192	21	ASCNA	8	1	7	1	1	8.742111005	1.402894973	0.852082712	9	HLAMP	8	1
chr10	123438026	125142831	123596254	124768583	33	0.642857	0.111631	7	ASCNA	4	1	3	1	1	3.725013809	0.172159049	0.715816926	4	AMP	3	1
chr10	125142832	125691241	125517080	125602021	6	0.787255	0.922324	22	UBCNA	8	2	6	1	1	7.968416013	1.269206245	0.855836399	8	HLAMP	7	1
chr10	125691242	127715403	125780460	127706028	25	0.763636	0.679947	13	ASCNA	6	1	5	1	1	6.441901649	0.96239991	0.841493664	6	HLAMP	5	1
chr10	127715404	129804412	127724778	129763277	19	0.788043	1.101762	21	ASCNA	8	1	7	1	1	9.275738288	1.488375391	0.847120157	9	HLAMP	8	1
chr10	129804413	132960957	129845547	131973459	13	0.666667	0.251794	7	ASCNA	4	1	3	1	1	4.29918068	0.378975019	0.740419147	4	AMP	3	1
chr10	132960958	135534747	133948456	135213263	27	0.730496	0.571306	13	ASCNA	6	1	5	1	1	5.836614083	0.820044956	0.80562596	6	HLAMP	5	1
chr11	1	39903726	199256	36459130	499	0.603448	-0.063452	5	GAIN	3	1	2	1	1	3.081889148	-0.101271754	0.667306076	3	GAIN	2	1
chr11	39903727	52842528	43348322	50003191	74	0.550463	0.124447	8	BCNA	4	2	2	1	1	3.775227281	0.191476777	0.575892669	4	AMP	2	2
chr11	52842529	65778871	55681865	65767215	258	0.608502	-0.088295	5	GAIN	3	1	2	1	1	2.996794499	-0.141666568	0.677381744	3	GAIN	2	1
chr11	65778872	70463757	65790527	70282629	110	0.544455	0.162051	8	BCNA	4	2	2	1	1	3.9251618	0.2476654	0.566001354	4	AMP	2	2
chr11	70463758	77195930	70644885	77090518	82	0.595865	-0.090497	5	GAIN	3	1	2	1	1	2.989322453	-0.145268198	0.656874583	3	GAIN	2	1
chr11	77195931	80408770	77301341	77850517	22	0.864929	1.548355	20	ALOH	8	0	8	1	1	13.3313832	2.011667845	0.917005755	13	HLAMP	12	1
chr11	80408771	82982005	82967023	82967023	1	0.695652	-1.561894	0	HOMD	0	0	0	1	1	0.015625	-7.725086725	1	0	HOMD	0	0
chr11	82982006	87877639	82996986	87847063	19	0.684211	-0.920689	1	DLOH	1	0	1	1	1	0.848953662	-1.961329009	1	1	HETD	1	0
chr11	87877640	89874612	87908216	89868755	12	0.706147	-0.456063	2	NLOH	2	0	2	1	1	1.894371645	-0.803367333	0.913171899	2	NEUT	2	0
chr11	89874613	123796260	89880469	123778031	287	0.666667	-0.901245	1	DLOH	1	0	1	1	1	0.886286719	-1.899241325	1	1	HETD	1	0
chr11	123796261	124157658	123814489	124135481	19	0.704698	-0.522959	2	NLOH	2	0	2	1	1	1.722337518	-0.940718836	0.930800874	2	NEUT	2	0
chr11	124157659	124189933	124179835	124189729	5	0.686275	-1.314382	0	HOMD	0	0	0	1	1	0.191862344	-4.106943233	1	0	HOMD	0	0
chr11	124189934	135006516	124190137	134241094	99	0.666667	-0.81416	1	DLOH	1	0	1	1	1	1.059806165	-1.641286299	0.96584794	1	HETD	1	0
chr12	1	10096838	275065	10069302	131	0.551724	0.0793	8	BCNA	4	2	2	1	1	3.600304392	0.123032161	0.57905551	4	AMP	2	2
chr12	10096839	10143525	10124373	10137645	6	0.525253	-0.391488	3	HET	2	1	1	NA	NA	2.06817757	-0.676726667	0.548482288	2	NEUT	1	1
chr12	10143526	40868252	10149406	40859588	269	0.555556	0.091943	8	BCNA	4	2	2	1	1	3.648739382	0.142311383	0.58452269	4	AMP	2	2
chr12	40868253	41705271	40876916	41464003	32	0.603571	-0.341967	3	HET	2	1	1	NA	NA	2.206836484	-0.583106988	0.692856053	2	NEUT	1	1
chr12	41705272	120610688	41946539	120608031	783	0.55	0.127939	8	BCNA	4	2	2	1	1	3.788986547	0.196725293	0.575104853	4	AMP	2	2
chr12	120610689	125527472	120613345	125467238	116	0.557851	-0.031914	5	GAIN	3	1	2	1	1	3.192048616	-0.0506041	0.592329798	3	GAIN	2	1
chr12	125527473	133851895	125587706	133768273	42	0.531435	0.083373	8	BCNA	4	2	2	1	1	3.615861624	0.129252743	0.54797412	4	AMP	2	2
chr13	1	22003028	21063524	21750890	11	0.542857	0.21236	8	BCNA	4	2	2	1	1	4.131964024	0.321740968	0.562589221	4	AMP	2	2
chr13	22003029	24718344	22255167	24415443	12	0.640966	-0.205421	5	GAIN	3	1	2	1	1	2.614764949	-0.338405462	0.743529414	3	GAIN	2	1
chr13	24718345	25422450	25021245	25419176	33	0.597484	0.38668	11	UBCNA	5	2	3	1	1	4.906976914	0.569747759	0.635278628	5	HLAMP	3	2
chr13	25422451	28464940	25425723	28367275	25	0.630952	0.521906	14	UBCNA	6	2	4	1	1	5.576103115	0.754170516	0.675629831	6	HLAMP	4	2
chr13	28464941	31876403	28562605	31861059	25	0.630435	0.24938	7	ASCNA	4	1	3	1	1	4.288812452	0.375491504	0.688293588	4	AMP	3	1
chr13	31876404	33270999	31891746	33232435	26	0.625699	0.511771	14	UBCNA	6	2	4	1	1	5.523750114	0.740561331	0.668991089	6	HLAMP	4	2
chr13	33271000	39923949	33309563	39618174	50	0.724747	-0.34425	2	NLOH	2	0	2	1	1	2.200338882	-0.587360989	0.919065915	2	NEUT	2	0
chr13	39923950	40230000	40229724	40229957	3	0.819672	0.384072	9	ALOH	5	0	5	1	1	4.894678463	0.566127366	0.943920506	5	HLAMP	5	0
chr13	40230001	95899712	40230043	95899354	172	0.737986	-0.427794	2	NLOH	2	0	2	1	1	1.969502219	-0.747255682	0.967868378	2	NEUT	2	0
chr13	95899713	95993041	95900071	95900071	1	0.88	0.954235	20	ALOH	8	0	8	1	1	8.189182215	1.308632665	0.968278269	8	HLAMP	8	0
chr13	95993042	103337325	96086010	103286280	49	0.754386	-0.395918	2	NLOH	2	0	2	1	1	2.056003928	-0.685243704	0.989771666	2	NEUT	2	0
chr13	103337326	103405755	103388370	103400729	10	0.714863	-1.359177	0	HOMD	0	0	0	1	1	0.127834437	-4.692738287	1	0	HOMD	0	0
chr13	103405756	115169878	103410782	115064542	104	0.751543	-0.435337	2	NLOH	2	0	2	1	1	1.949310956	-0.762122476	0.997037552	2	NEUT	2	0
chr14	1	20528774	20215989	20528528	7	0.740864	-0.109931	4	ALOH	3	0	3	1	1	2.92386922	-0.177207941	0.897584099	3	GAIN	3	0
chr14	20528775	107349540	20529019	105916797	776	0.551342	0.156814	8	BCNA	4	2	2	1	1	3.904045889	0.239883286	0.576360923	4	AMP	2	2
chr15	1	87943621	22866621	87217861	566	0.727273	-0.406443	2	NLOH	2	0	2	1	1	2.027230689	-0.705576455	0.940555596	2	NEUT	2	0
chr15	87943622	90302576	88669382	90276600	30	0.577406	-0.08526	5	GAIN	3	1	2	1	1	3.007111874	-0.136708183	0.626376641	3	GAIN	2	1
chr15	90302577	102531392	90328551	101970091	93	0.548387	0.075905	8	BCNA	4	2	2	1	1	3.58737037	0.117839976	0.574047388	4	AMP	2	2
chr16	1	11399200	115041	11154770	233	0.596491	-0.120909	5	GAIN	3	1	2	1	1	2.88728343	-0.195373988	0.660069186	3	GAIN	2	1
chr16	11399201	39262335	11643631	31819168	249	0.544118	0.044278	8	BCNA	4	2	2	1	1	3.468331421	0.069155039	0.568317477	4	AMP	2	2
chr16	39262336	62370398	46705502	58327646	156	0.75	-0.485452	2	NLOH	2	0	2	1	1	1.817809651	-0.862885586	1	2	NEUT	2	0
chr16	62370399	70080514	66413150	69970000	43	0.540856	0.291911	11	UBCNA	5	2	3	1	1	4.474049042	0.436494346	0.558228641	5	HLAMP	3	2
chr16	70080515	71948224	70191029	71928850	35	0.758621	-0.52245	2	NLOH	2	0	2	1	1	1.723616608	-0.93964782	1	2	NEUT	2	0
chr16	71948225	72031574	71967599	72020323	17	0.627907	0.233195	7	ASCNA	4	1	3	1	1	4.21974351	0.352068585	0.685572891	4	AMP	3	1
chr16	72031575	72573597	72042825	72162855	23	0.732558	-0.3485	2	NLOH	2	0	2	1	1	2.188270394	-0.595295708	0.934739328	2	NEUT	2	0
chr16	72573598	75102112	72984340	74999898	25	0.575163	0.295541	11	UBCNA	5	2	3	1	1	4.49011328	0.441665118	0.607009195	5	HLAMP	3	2
chr16	75102113	76879055	75204325	76532392	18	0.745507	-0.499568	2	NLOH	2	0	2	1	1	1.781586507	-0.891924188	1	2	NEUT	2	0
chr16	76879056	79943627	77225718	79245465	25	0.578947	0.470632	11	UBCNA	5	2	3	1	1	5.314980218	0.684977597	0.607205215	5	HLAMP	3	2
chr16	79943628	83423785	80641789	83065965	51	0.757396	-0.477991	2	NLOH	2	0	2	1	1	1.837099017	-0.847657337	1	2	NEUT	2	0
chr16	83423786	84211218	83781604	84209864	17	0.552	0.292334	8	BCNA	4	2	2	1	1	4.475918911	0.437097175	0.574102016	4	AMP	2	2
chr16	84211219	84213824	84212571	84213684	4	0.588528	0.862537	24	BCNA	8	4	4	1	1	7.567716114	1.194771245	0.610782947	8	HLAMP	5	3
chr16	84213825	84403894	84213965	84351828	15	0.709091	0.862537	22	UBCNA	8	2	6	1	1	7.567716114	1.194771245	0.761654134	8	HLAMP	6	2
chr16	84403895	84549891	84455961	84476297	7	0.669565	0.504116	14	UBCNA	6	2	4	1	1	5.484450799	0.730260435	0.728383482	6	HLAMP	4	2
chr16	84549892	85064749	84623484	85023855	12	0.670759	0.972793	22	UBCNA	8	2	6	1	1	8.319833542	1.331467939	0.709805284	8	HLAMP	6	2
chr16	85064750	86202349	85105643	85839211	11	0.554054	0.422151	8	BCNA	4	2	2	1	1	5.076472586	0.618739656	0.574311066	4	AMP	2	2
chr16	86202350	90354753	86565486	90107043	98	0.741308	-0.475759	2	NLOH	2	0	2	1	1	1.842888951	-0.843117585	0.990413491	2	NEUT	2	0
chr17	1	17217279	423051	17184399	409	0.847134	0.200948	6	ALOH	4	0	4	1	1	4.084419008	0.305044151	1	4	AMP	4	0
chr17	17217280	18060876	17250159	17957348	4	0.772819	0.681144	13	ASCNA	6	1	5	1	1	6.448827798	0.963950221	0.853302078	6	HLAMP	5	1
chr17	18060877	20185313	18164404	19463343	28	0.639242	1.445283	23	UBCNA	8	3	5	1	1	12.28098607	1.893267773	0.660811882	12	HLAMP	8	4
chr17	20185314	23954417	20907282	21217513	16	0.614322	0.729649	18	UBCNA	7	2	5	1	1	6.73438	1.026458406	0.646617569	7	HLAMP	5	2
chr17	23954418	48353492	26691321	48273903	400	0.544142	0.046457	8	BCNA	4	2	2	1	1	3.476449388	0.072527861	0.568298101	4	AMP	2	2
chr17	48353493	48504744	48433081	48469724	8	0.678511	0.840253	18	UBCNA	7	2	5	1	1	7.422563137	1.166830735	0.724264237	7	HLAMP	5	2
chr17	48504745	81195210	48539763	81006387	554	0.552435	0.082354	8	BCNA	4	2	2	1	1	3.611965331	0.127697321	0.58005276	4	AMP	2	2
chr18	1	1762084	196829	907710	23	0.846154	-0.076856	4	ALOH	3	0	3	1	1	3.035794493	-0.123012593	1	3	GAIN	3	0
chr18	1762085	7407023	2616457	7039943	39	0.60241	0.616159	15	BCNA	6	3	3	1	1	6.080998395	0.879221484	0.634448946	6	HLAMP	3	3
chr18	7407024	21091989	7774104	21083738	78	0.686248	0.231189	7	ASCNA	4	1	3	1	1	4.211236817	0.349157282	0.7703861	4	AMP	3	1
chr18	21091990	24332046	21100240	24035788	40	0.588235	0.484933	11	UBCNA	5	2	3	1	1	5.386880086	0.704363226	0.619396211	5	HLAMP	3	2
chr18	24332047	54789988	24628305	54361837	127	0.806452	-0.014152	4	ALOH	3	0	3	1	1	3.255158013	-0.022359148	0.985554287	3	GAIN	3	0
chr18	54789989	61246466	55218139	61231417	67	0.704545	-0.824776	1	DLOH	1	0	1	1	1	1.038088633	-1.671157097	1	1	HETD	1	0
chr18	61246467	61321056	61261515	61264468	5	0.633333	-0.385213	3	HET	2	1	1	NA	NA	2.085485374	-0.664703531	0.754963152	2	NEUT	1	1
chr18	61321057	61381596	61377644	61379838	2	0.7625	-1.014783	1	DLOH	1	0	1	1	1	0.675231837	-2.291631892	1	1	HETD	1	0
chr18	61381597	61428179	61383354	61388052	6	0.651667	-1.424204	0	HOMD	0	0	0	1	1	0.038355062	-6.429525915	1	0	HOMD	0	0
chr18	61428180	78077248	61468306	77894844	65	0.674419	-0.784051	1	DLOH	1	0	1	1	1	1.122277752	-1.558656953	0.970086905	1	HETD	1	0
chr19	1	1659305	281360	1535349	72	0.565385	0.327295	11	UBCNA	5	2	3	1	1	4.632374462	0.486665155	0.59223753	5	HLAMP	3	2
chr19	1659306	9039533	1783261	9033548	266	0.587442	0.265474	8	BCNA	4	2	2	1	1	4.358265697	0.398667427	0.625611558	4	AMP	2	2
chr19	9039534	9150899	9045518	9088772	52	0.589127	-0.134954	5	GAIN	3	1	2	1	1	2.840880512	-0.218748572	0.648812257	3	GAIN	2	1
chr19	9150900	14985895	9213026	14910573	153	0.570922	0.240038	8	BCNA	4	2	2	1	1	4.248851261	0.361986116	0.60267759	4	AMP	2	2
chr19	14985896	16012573	15061216	16000609	42	0.577935	0.380143	11	UBCNA	5	2	3	1	1	4.876192545	0.56066837	0.60834122	5	HLAMP	3	2
chr19	16012574	16029945	16024538	16025176	5	0.552036	0.832144	19	UBCNA	7	3	4	1	1	7.370296838	1.156636	0.565467659	7	HLAMP	4	3
chr19	16029946	32333745	16034714	31768416	165	0.584906	0.278802	8	BCNA	4	2	2	1	1	4.416371736	0.417774888	0.62148093	4	AMP	2	2
chr19	32333746	36360584	32899074	36322270	83	0.666667	0.051003	7	ASCNA	4	1	3	1	1	3.49342525	0.079555546	0.757430014	4	AMP	3	1
chr19	36360585	43191616	36398899	42462788	185	0.605042	-0.243935	5	GAIN	3	1	2	1	1	2.495769665	-0.405601931	0.685111889	3	GAIN	2	1
chr19	43191617	46259200	43920443	46258024	61	0.591837	-0.312066	3	HET	2	1	1	NA	NA	2.292893197	-0.527917569	0.668035182	2	NEUT	1	1
chr19	46259201	59128983	46260375	58718269	361	0.617284	-0.248319	5	GAIN	3	1	2	1	1	2.482424862	-0.413336673	0.70716614	3	GAIN	2	1
chr20	1	16896968	138125	16359650	163	0.595652	-0.195031	5	GAIN	3	1	2	1	1	2.647414371	-0.320502703	0.664387782	3	GAIN	2	1
chr20	16896969	24372425	17434286	23807028	50	0.650581	0.208452	7	ASCNA	4	1	3	1	1	4.115640036	0.316030082	0.720186497	4	AMP	3	1
chr20	24372426	32638531	24937822	32264533	97	0.558511	0.614308	15	BCNA	6	3	3	1	1	6.07076209	0.876790911	0.576847019	6	HLAMP	3	3
chr20	32638532	34106503	33012529	34096725	46	0.680715	1.240539	22	UBCNA	8	2	6	1	1	10.40441457	1.65403716	0.713758596	10	HLAMP	7	3
chr20	34106504	36187204	34116282	35812526	25	0.553846	0.323409	8	BCNA	4	2	2	1	1	4.614796169	0.481180202	0.576043889	4	AMP	2	2
chr20	36187205	36755780	36561882	36718059	7	0.828326	2.019181	21	ASCNA	8	1	7	1	1	19.21015671	2.538710658	0.860841101	19	HLAMP	16	3
chr20	36755781	37521862	36793501	37396120	18	0.788444	-0.228518	4	ALOH	3	0	3	1	1	2.543022049	-0.378542754	1	3	GAIN	3	0
chr20	37521863	40857042	37647605	40733082	11	0.609756	0.990226	23	UBCNA	8	3	5	1	1	8.444105064	1.352857805	0.634483795	8	HLAMP	5	3
chr20	40857043	41191598	40981002	41076751	2	0.808824	0.12251	6	ALOH	4	0	4	1	1	3.767609413	0.188562684	0.964763421	4	AMP	4	0
chr20	41191599	41753262	41306445	41306600	2	0.54527	1.053036	24	BCNA	8	4	4	1	1	8.904507606	1.429449112	0.55494189	9	HLAMP	5	4
chr20	41753263	42341959	42199925	42328749	15	0.852941	-0.128849	4	ALOH	3	0	3	1	1	2.860995174	-0.208569661	1	3	GAIN	3	0
chr20	42341960	43614904	42355169	43600673	21	0.84375	0.11893	6	ALOH	4	0	4	1	1	3.753556819	0.183171597	1	4	AMP	4	0
chr20	43614905	45187014	43629135	45131759	50	0.579394	0.730639	19	UBCNA	7	3	4	1	1	6.740308755	1.027727954	0.601802802	7	HLAMP	4	3
chr20	45187015	49728777	45242269	49236478	47	0.58209	1.267463	24	BCNA	8	4	4	1	1	10.63624521	1.685830313	0.596772928	11	HLAMP	7	4
chr20	49728778	53869572	50221076	52782438	10	0.751326	1.578006	22	UBCNA	8	2	6	1	1	13.64771602	2.045500903	0.786359876	14	HLAMP	11	3
chr20	53869573	55838531	54956707	55759048	20	0.777019	-0.244883	4	ALOH	3	0	3	1	1	2.492880536	-0.407272977	0.988425744	3	GAIN	3	0
chr20	55838532	56030881	55918014	55983073	4	0.62643	-0.0645	5	GAIN	3	1	2	1	1	3.078269756	-0.102967061	0.704566546	3	GAIN	2	1
chr20	56030882	56510610	56078690	56227514	17	0.563291	0.558066	15	BCNA	6	3	3	1	1	5.765915619	0.802462999	0.584173593	6	HLAMP	3	3
chr20	56510611	57380432	56793706	57290347	8	0.60134	-0.048651	5	GAIN	3	1	2	1	1	3.13328793	-0.077409374	0.662870627	3	GAIN	2	1
chr20	57380433	57743107	57470517	57610059	6	0.793042	-0.189339	4	ALOH	3	0	3	1	1	2.665400793	-0.310734239	1	3	GAIN	3	0
chr20	57743108	59237421	57876155	58644995	6	0.75689	1.443151	21	ASCNA	8	1	7	1	1	12.26004143	1.890805224	0.796752635	12	HLAMP	10	2
chr20	59237422	62181600	59829847	62162340	56	0.625413	-0.034577	5	GAIN	3	1	2	1	1	3.182653624	-0.054856571	0.700378929	3	GAIN	2	1
chr20	62181601	62540319	62200860	62520674	22	0.655348	0.051007	7	ASCNA	4	1	3	1	1	3.493440211	0.079561725	0.739946585	4	AMP	3	1
chr20	62540320	63025520	62559964	62904542	11	0.567686	0.471041	15	BCNA	6	3	3	1	1	5.317026626	0.685532966	0.591904139	6	HLAMP	3	3
chr21	1	48129895	15481365	47858248	350	0.547371	0.040588	8	BCNA	4	2	2	1	1	3.454612083	0.063436996	0.573457992	4	AMP	2	2
chr22	1	31422974	17288988	31354653	223	0.752212	-0.442119	2	NLOH	2	0	2	1	1	1.931246664	-0.775554284	1	2	NEUT	2	0
chr22	31422975	31749050	31491295	31678958	8	0.527917	0.14076	8	BCNA	4	2	2	1	1	3.839790746	0.215940967	0.541748585	4	AMP	2	2
chr22	31749051	32155661	31819142	32112461	22	0.773041	-0.55545	2	NLOH	2	0	2	1	1	1.641616139	-1.009969905	1	2	NEUT	2	0
chr22	32155662	33095341	32198862	32937401	22	0.55458	0.372362	11	UBCNA	5	2	3	1	1	4.839731234	0.549840208	0.576034729	5	HLAMP	3	2
chr22	33095342	37558454	33253280	37538328	51	0.68125	0.788616	18	UBCNA	7	2	5	1	1	7.09470464	1.1016559	0.729852034	7	HLAMP	5	2
chr22	37558455	38043413	37578579	38025375	16	0.776607	-0.389462	2	NLOH	2	0	2	1	1	2.073757488	-0.672839534	1	2	NEUT	2	0
chr22	38043414	38295403	38061450	38282897	18	0.697037	0.760128	18	UBCNA	7	2	5	1	1	6.918786242	1.065432244	0.751215705	7	HLAMP	5	2
chr22	38295404	38356559	38307909	38343143	6	0.761983	-0.480256	2	NLOH	2	0	2	1	1	1.831232629	-0.85227165	1	2	NEUT	2	0
chr22	38356560	41145439	38369976	41075695	35	0.565217	0.27396	8	BCNA	4	2	2	1	1	4.395199974	0.410842082	0.593445833	4	AMP	2	2
chr22	41145440	44896242	41215183	44594476	58	0.623793	0.888105	23	UBCNA	8	3	5	1	1	7.737045901	1.226696108	0.65423209	8	HLAMP	5	3
chr22	44896243	51304566	45198009	51065361	50	0.823055	-0.122455	4	ALOH	3	0	3	1	1	2.882153486	-0.197939558	1	3	GAIN	3	0
chrX	1	15477941	2847017	15415583	48	0.59661	0.381721	11	UBCNA	5	2	3	1	1	4.883610975	0.562861556	0.634244987	5	HLAMP	3	2
chrX	15477942	55238507	15540299	55187421	80	0.594515	0.32579	8	BCNA	4	2	2	1	1	4.625560987	0.484541621	0.633387912	4	AMP	2	2
chrX	55238508	135382502	55289593	135338312	157	0.795918	-0.162628	4	ALOH	3	0	3	1	1	2.750760533	-0.265256173	1	3	GAIN	3	0
chrX	135382503	135459257	135426693	135438388	8	0.806582	-0.9605	1	DLOH	1	0	1	1	1	0.774067297	-2.094555821	1	1	HETD	1	0
chrX	135459258	155270560	135480126	153760508	51	0.793991	0.029394	4	ALOH	3	0	3	1	1	3.413207084	0.046041223	0.957854468	3	GAIN	3	0
chrY	1	59373566	Fill_In	Fill_In	Fill_In	Fill_In	Fill_In	Fill_In	NA	1	0	1	Fill_In	Fill_In	Fill_In	Fill_In	Fill_In	Fill_In	NA	1	0