Chromosome	Start	End	Start.snp	End.snp	Length.snp.	Median_Ratio	Median_logR	TITAN_state	TITAN_call	Copy_Number	MinorCN	MajorCN	Clonal_Cluster	Cellular_Prevalence	logR_Copy_Number	Corrected_logR	Corrected_Ratio	Corrected_Copy_Number	Corrected_Call	Corrected_MajorCN	Corrected_MinorCN
chr1	1	62564280	894573	62456014	762	0.572173	-0.008299	3	HET	2	1	1	NA	NA	2.112131829	-0.014860293	0.629528473	2	NEUT	1	1
chr1	62564281	63305973	62672546	62740065	13	0.7	-0.37782	1	DLOH	1	0	1	1	1	1.255598758	-0.765184669	0.96736235	1	HETD	1	0
chr1	63305974	132672438	63871881	120469077	377	0.6	-0.120908	3	HET	2	1	1	NA	NA	1.827508187	-0.223682307	0.691846328	2	NEUT	1	1
chr1	132672439	152325772	144875799	152323132	84	0.62643	0.279883	5	GAIN	3	1	2	1	1	2.950242422	0.467273329	0.698360581	3	GAIN	2	1
chr1	152325773	153063559	152328411	153004809	24	0.627462	0.461359	7	ASCNA	4	1	3	1	1	3.570695216	0.742644819	0.687378865	4	AMP	3	1
chr1	153063560	153252329	153122310	153234295	3	0.610526	0.847912	15	BCNA	6	3	3	1	1	5.183595473	1.280392959	0.646315405	6	HLAMP	3	3
chr1	153252330	157290372	153270362	157095470	139	0.596491	0.321134	5	GAIN	3	1	2	1	1	3.084502398	0.531477592	0.64899868	3	GAIN	2	1
chr1	157290373	159813995	157485275	159785425	51	0.59434	0.452947	8	BCNA	4	2	2	1	1	3.540177511	0.730261525	0.639069286	4	AMP	2	2
chr1	159813996	168902421	159842566	168665974	123	0.606061	0.349887	5	GAIN	3	1	2	1	1	3.180381575	0.575639691	0.662036453	3	GAIN	2	1
chr1	168902422	170174569	169138868	169847683	31	0.574324	0.683626	8	BCNA	4	2	2	1	1	4.445028572	1.058632516	0.602389685	4	AMP	2	2
chr1	170174570	172088466	170501456	171765964	28	0.706095	0.241965	5	GAIN	3	1	2	1	1	2.830171155	0.407329127	0.828324458	3	GAIN	2	1
chr1	172088467	185550340	172410967	185267114	130	0.819836	-0.029878	2	NLOH	2	0	2	1	1	2.05585568	-0.053821184	1	2	NEUT	2	0
chr1	185550341	196833917	185833565	196659237	20	0.768049	0.219063	4	ALOH	3	0	3	1	1	2.759163558	0.370670803	0.93111292	3	GAIN	3	0
chr1	196833918	199423788	197008597	198704294	19	0.76	0.531321	7	ASCNA	4	1	3	1	1	3.831522619	0.844357646	0.873899833	4	AMP	3	1
chr1	199423789	212368230	200143281	212220847	189	0.653846	0.000117	3	HET	2	1	1	NA	NA	2.134309199	0.00020902	0.774836147	2	NEUT	1	1
chr1	212368231	217638274	212515613	217604777	32	0.589572	-0.527065	1	DLOH	1	0	1	1	1	0.967242168	-1.141611128	0.745010351	1	HETD	1	0
chr1	217638275	235063719	217671771	234744250	111	0.578125	-0.193286	3	HET	2	1	1	NA	NA	1.655955932	-0.365895896	0.657313549	2	NEUT	1	1
chr1	235063720	249250621	235383188	249110906	116	0.578784	-0.482367	1	DLOH	1	0	1	1	1	1.050496344	-1.022489035	0.704666284	1	HETD	1	0
chr2	1	100692945	234130	100288931	765	0.568627	-0.039087	3	HET	2	1	1	NA	NA	2.032094491	-0.070592688	0.625312535	2	NEUT	1	1
chr2	100692946	102909818	101096960	102851708	22	0.774859	-0.410375	1	DLOH	1	0	1	1	1	1.190131076	-0.842439701	1	1	HETD	1	0
chr2	102909819	104516651	102967928	103378857	27	0.733333	-0.197355	2	NLOH	2	0	2	1	1	1.646564631	-0.374101034	0.971191411	2	NEUT	2	0
chr2	104516652	131009531	105654446	128944424	103	0.563636	0.084636	3	HET	2	1	1	NA	NA	2.364351801	0.14788454	0.60881243	2	NEUT	1	1
chr2	131009532	133239418	133074638	133076229	6	0.634908	0.309292	5	GAIN	3	1	2	1	1	3.045566512	0.513150436	0.709259673	3	GAIN	2	1
chr2	133239419	147740573	133402607	145155731	55	0.613793	0.559574	8	BCNA	4	2	2	1	1	3.940491574	0.88481544	0.662264479	4	AMP	2	2
chr2	147740574	160500861	150325416	160116281	43	0.777778	-0.421013	1	DLOH	1	0	1	1	1	1.169056453	-0.868215578	1	1	HETD	1	0
chr2	160500862	167543506	160885442	167327064	39	0.627907	0.633882	7	ASCNA	4	1	3	1	1	4.237488411	0.989649246	0.678571869	4	AMP	3	1
chr2	167543507	169912820	167759948	169814655	23	0.790476	-0.365896	1	DLOH	1	0	1	1	1	1.279949826	-0.737472918	1	1	HETD	1	0
chr2	169912821	170117262	170010985	170059190	7	0.728395	0.964837	14	UBCNA	6	2	4	1	1	5.762900589	1.433234957	0.794917199	6	HLAMP	4	2
chr2	170117263	171219790	170175334	170929880	17	0.807692	-0.419812	1	DLOH	1	0	1	1	1	1.171427944	-0.865291961	1	1	HETD	1	0
chr2	171219791	173153029	171509700	172966250	11	0.558333	0.002618	3	HET	2	1	1	NA	NA	2.140924668	0.004673857	0.60406646	2	NEUT	1	1
chr2	173153030	174524313	173339808	174227876	13	0.772727	-0.414631	1	DLOH	1	0	1	1	1	1.181680989	-0.852719564	1	1	HETD	1	0
chr2	174524314	179322563	174820750	179319391	31	0.575	0.248534	5	GAIN	3	1	2	1	1	2.850747219	0.417779943	0.619159453	3	GAIN	2	1
chr2	179322564	180143926	179325735	179980070	11	0.603352	0.728217	11	UBCNA	5	2	3	1	1	4.637250648	1.119709532	0.640761288	5	HLAMP	3	2
chr2	180143927	183255450	180307783	182926144	16	0.637662	0.640187	7	ASCNA	4	1	3	1	1	4.263399588	0.998444102	0.691859489	4	AMP	3	1
chr2	183255451	185244332	183584755	183859473	7	0.807692	-0.510471	1	DLOH	1	0	1	1	1	0.997849394	-1.096666185	1	1	HETD	1	0
chr2	185244333	197714641	186629191	197566068	51	0.58	0.14317	3	HET	2	1	1	NA	NA	2.531754105	0.246577114	0.6330383	2	NEUT	1	1
chr2	197714642	201874990	197863214	201724360	11	0.844444	-0.276729	2	NLOH	2	0	2	1	1	1.468568113	-0.539149996	1	2	NEUT	2	0
chr2	201874991	219081053	202025621	218940259	118	0.729021	-0.407292	1	DLOH	1	0	1	1	1	1.196267816	-0.835019765	1	1	HETD	1	0
chr2	219081054	219732967	219221846	219562675	35	0.636364	0.439998	5	GAIN	3	1	2	1	1	3.493546533	0.711132181	0.701881049	3	GAIN	2	1
chr2	219732968	221403940	219903258	220506522	40	0.603629	0.670237	8	BCNA	4	2	2	1	1	4.388461773	1.040155164	0.643265027	4	AMP	2	2
chr2	221403941	236712086	222301357	236708166	139	0.763636	-0.477194	1	DLOH	1	0	1	1	1	1.060299132	-1.00908884	1	1	HETD	1	0
chr2	236712087	237595616	236716006	236957822	3	0.848485	0.022614	2	NLOH	2	0	2	1	1	2.194231101	0.040155305	1	2	NEUT	2	0
chr2	237595617	239207981	238233410	239186589	20	0.643529	0.467901	5	GAIN	3	1	2	1	1	3.594552098	0.752251838	0.710550788	3	GAIN	2	1
chr2	239207982	239669861	239229372	239335851	2	0.647382	1.305063	22	UBCNA	8	2	6	1	1	7.741977258	1.859141894	0.679335151	8	HLAMP	5	3
chr2	239669862	243199373	240003870	242758179	63	0.722772	-0.501985	1	DLOH	1	0	1	1	1	1.013638192	-1.074017387	1	1	HETD	1	0
chr3	1	58397029	361508	58384995	542	0.571429	0.06542	3	HET	2	1	1	NA	NA	2.310860015	0.114869692	0.62331164	2	NEUT	1	1
chr3	58397030	76037220	58409063	74474166	43	0.571429	0.31582	5	GAIN	3	1	2	1	1	3.066990705	0.523263618	0.610520582	3	GAIN	2	1
chr3	76037221	82355909	77600273	78701217	4	0.83132	2.364174	21	ASCNA	8	1	7	1	1	17.95044985	3.072387918	0.862300858	18	HLAMP	16	2
chr3	82355910	140172753	86010600	140167227	448	0.555556	0.120041	3	HET	2	1	1	NA	NA	2.464794338	0.207907097	0.593389055	2	NEUT	1	1
chr3	140172754	162491930	140178279	160283126	104	0.572948	0.204223	5	GAIN	3	1	2	1	1	2.713750376	0.346727845	0.618067536	3	GAIN	2	1
chr3	162491931	183930297	164700734	183909163	112	0.566038	0.152105	3	HET	2	1	1	NA	NA	2.557910253	0.26140547	0.609372096	2	NEUT	1	1
chr3	183930298	184733287	183951431	184700426	31	0.545455	0.28086	5	GAIN	3	1	2	1	1	2.953378089	0.468805885	0.571288529	3	GAIN	2	1
chr3	184733288	186348374	184766148	186338382	28	0.583591	0.099366	3	HET	2	1	1	NA	NA	2.405840987	0.172981115	0.641910492	2	NEUT	1	1
chr3	186348375	198022430	186358366	196746629	84	0.555556	0.247902	5	GAIN	3	1	2	1	1	2.848763531	0.416775696	0.588289745	3	GAIN	2	1
chr4	1	83461025	155713	83369287	474	0.5625	-0.064775	3	HET	2	1	1	NA	NA	1.96661	-0.117849292	0.615843672	2	NEUT	1	1
chr4	83461026	156498199	83552764	156289917	256	0.76	-0.401468	1	DLOH	1	0	1	1	1	1.207896387	-0.82106347	1	1	HETD	1	0
chr4	156498200	160001059	156706482	159894199	9	0.777778	-0.277319	2	NLOH	2	0	2	1	1	1.467281362	-0.540414632	1	2	NEUT	2	0
chr4	160001060	191154276	160107918	190862287	141	0.736842	-0.447305	1	DLOH	1	0	1	1	1	1.117631966	-0.933114987	1	1	HETD	1	0
chr5	1	15623611	224418	14769103	123	0.652174	0.356239	5	GAIN	3	1	2	1	1	3.201821764	0.585332823	0.731948563	3	GAIN	2	1
chr5	15623612	80352398	16478120	80338594	368	0.563068	0.135602	3	HET	2	1	1	NA	NA	2.509726047	0.233969717	0.605247737	2	NEUT	1	1
chr5	80352399	120012591	80366202	118506805	183	0.571429	0.212414	5	GAIN	3	1	2	1	1	2.7387586	0.359961933	0.615205592	3	GAIN	2	1
chr5	120012592	140154977	121518378	140081791	136	0.627059	-0.115478	3	HET	2	1	1	NA	NA	1.840728924	-0.213282993	0.742919855	2	NEUT	1	1
chr5	140154978	140827452	140228164	140798639	32	0.58392	0.256814	5	GAIN	3	1	2	1	1	2.876816473	0.430913011	0.632883725	3	GAIN	2	1
chr5	140827453	177625332	140856265	177614094	309	0.604938	-0.134934	3	HET	2	1	1	NA	NA	1.793587651	-0.250711926	0.703142482	2	NEUT	1	1
chr5	177625333	180915260	177636571	180627250	61	0.564885	-0.447185	1	DLOH	1	0	1	1	1	1.117864551	-0.932814785	0.66231131	1	HETD	1	0
chr6	1	31017113	549364	28403603	268	0.786667	-0.136339	2	NLOH	2	0	2	1	1	1.790207929	-0.253433012	1	2	NEUT	2	0
chr6	31017114	39492297	33630624	39325078	113	0.741935	-0.550763	1	DLOH	1	0	1	1	1	0.924137678	-1.207380471	1	1	HETD	1	0
chr6	39492298	45411551	39659516	44900253	106	0.555556	-0.008285	3	HET	2	1	1	NA	NA	2.112168614	-0.014835167	0.599705269	2	NEUT	1	1
chr6	45411552	47800950	45922849	47754498	7	0.679487	0.865067	14	UBCNA	6	2	4	1	1	5.265679287	1.303059479	0.736700659	6	HLAMP	4	2
chr6	47800951	54202675	47847401	54186024	40	0.563171	0.22052	5	GAIN	3	1	2	1	1	2.763647485	0.37301343	0.601537858	3	GAIN	2	1
chr6	54202676	70457125	54219326	70423739	55	0.573034	0.11196	3	HET	2	1	1	NA	NA	2.441651292	0.194296998	0.623240804	2	NEUT	1	1
chr6	70457126	72478289	70490511	72011086	21	0.5875	0.201911	5	GAIN	3	1	2	1	1	2.706717186	0.342983978	0.641760814	3	GAIN	2	1
chr6	72478290	79685365	72945492	79675701	34	0.741338	-0.489413	1	DLOH	1	0	1	1	1	1.037200656	-1.040865153	1	1	HETD	1	0
chr6	79685366	90877259	79695029	90497589	74	0.822658	-0.079054	2	NLOH	2	0	2	1	1	1.930710668	-0.144428195	1	2	NEUT	2	0
chr6	90877260	98525151	91256928	97726878	12	0.738194	-0.480702	1	DLOH	1	0	1	1	1	1.053647669	-1.018167654	1	1	HETD	1	0
chr6	98525152	103879195	99323424	102513865	13	0.56044	0.041001	3	HET	2	1	1	NA	NA	2.243904519	0.072451112	0.605650698	2	NEUT	1	1
chr6	103879196	108668410	105244526	108495950	17	0.607143	0.50703	8	BCNA	4	2	2	1	1	3.73952573	0.809295134	0.655234509	4	AMP	2	2
chr6	108668411	113359071	108840870	112537497	34	0.605982	0.431592	5	GAIN	3	1	2	1	1	3.46349874	0.698669973	0.65734356	3	GAIN	2	1
chr6	113359072	114229136	114180646	114180646	1	0.785714	1.667697	21	ASCNA	8	1	7	1	1	10.4340786	2.289671126	0.831675961	10	HLAMP	8	2
chr6	114229137	118507412	114277625	117714346	28	0.634848	0.509696	7	ASCNA	4	1	3	1	1	3.749547119	0.813156177	0.695213225	4	AMP	3	1
chr6	118507413	132291392	119300477	131940896	51	0.666667	0.262138	5	GAIN	3	1	2	1	1	2.893658082	0.439334285	0.763344083	3	GAIN	2	1
chr6	132291393	137252044	132641888	137026266	31	0.730769	-0.068366	2	NLOH	2	0	2	1	1	1.957548272	-0.124512292	0.928641809	2	NEUT	2	0
chr6	137252045	144464453	137477823	144167477	28	0.560865	0.475421	8	BCNA	4	2	2	1	1	3.622109462	0.76326997	0.58907007	4	AMP	2	2
chr6	144464454	152483123	144761429	152476952	59	0.592593	0.33075	5	GAIN	3	1	2	1	1	3.116355285	0.546299543	0.642464488	3	GAIN	2	1
chr6	152483124	153878825	152489294	153345647	20	0.578947	0.525029	8	BCNA	4	2	2	1	1	3.807544186	0.835300603	0.61374961	4	AMP	2	2
chr6	153878826	156962208	154412004	155597147	18	0.618826	0.405073	5	GAIN	3	1	2	1	1	3.369844141	0.659121691	0.678012519	3	GAIN	2	1
chr6	156962209	161170963	158327269	160872151	50	0.714286	-0.580683	1	DLOH	1	0	1	1	1	0.870717541	-1.293283484	1	1	HETD	1	0
chr6	161170964	166821243	161469774	166780349	17	0.813953	0.075361	2	NLOH	2	0	2	1	1	2.338443924	0.131988657	1	2	NEUT	2	0
chr6	166821244	169040303	166862136	168462765	20	0.733755	-0.61015	1	DLOH	1	0	1	1	1	0.819178009	-1.381311284	1	1	HETD	1	0
chr6	169040304	170162847	169617840	170159023	18	0.60353	0.409175	5	GAIN	3	1	2	1	1	3.384218469	0.665262529	0.654878641	3	GAIN	2	1
chr6	170162848	171115067	170166672	170892100	16	0.6875	-0.582631	1	DLOH	1	0	1	1	1	0.867277782	-1.298994121	1	1	HETD	1	0
chr7	1	2188431	195501	1976556	32	0.585236	0.254476	5	GAIN	3	1	2	1	1	2.869440207	0.427209136	0.635095396	3	GAIN	2	1
chr7	2188432	5096344	2400306	4959807	28	0.593263	-0.03351	3	HET	2	1	1	NA	NA	2.046466226	-0.060425319	0.669756746	2	NEUT	1	1
chr7	5096345	38836903	5232881	38816441	244	0.671699	0.597826	7	ASCNA	4	1	3	1	1	4.091467654	0.93905827	0.742137447	4	AMP	3	1
chr7	38836904	39935107	38857364	39649707	9	0.583333	0.951032	15	BCNA	6	3	3	1	1	5.6920342	1.415384154	0.607906705	6	HLAMP	3	3
chr7	39935108	49317336	40220507	48563752	81	0.632184	0.635956	7	ASCNA	4	1	3	1	1	4.245999275	0.992543949	0.684438068	4	AMP	3	1
chr7	49317337	55729533	50070921	55467923	21	0.625	0.830581	11	UBCNA	5	2	3	1	1	5.101654744	1.257405091	0.666126342	5	HLAMP	3	2
chr7	55729534	70843357	55991144	70800407	28	0.592195	0.351231	5	GAIN	3	1	2	1	1	3.184910167	0.577692505	0.640783256	3	GAIN	2	1
chr7	70843358	76485329	70886308	76054195	29	0.559322	0.019702	3	HET	2	1	1	NA	NA	2.186422093	0.035011767	0.604863036	2	NEUT	1	1
chr7	76485330	100313064	76916462	100281768	200	0.584343	0.382927	5	GAIN	3	1	2	1	1	3.292941617	0.625816757	0.627334851	3	GAIN	2	1
chr7	100313065	101661242	100344359	101256833	59	0.601351	0.140381	3	HET	2	1	1	NA	NA	2.523622758	0.24193609	0.668761063	2	NEUT	1	1
chr7	101661243	121834404	102065651	121725961	103	0.58209	0.382314	5	GAIN	3	1	2	1	1	3.290829704	0.624891195	0.623960291	3	GAIN	2	1
chr7	121834405	129397415	121942847	129297332	64	0.641268	0.504125	7	ASCNA	4	1	3	1	1	3.728627011	0.80508431	0.704861977	4	AMP	3	1
chr7	129397416	132308930	129497498	131908566	30	0.630154	0.360112	5	GAIN	3	1	2	1	1	3.214940875	0.591232029	0.698106535	3	GAIN	2	1
chr7	132308931	136247236	132709293	135418626	24	0.571429	0.4951	8	BCNA	4	2	2	1	1	3.694907483	0.791978065	0.603877314	4	AMP	2	2
chr7	136247237	139752024	137075847	139741766	25	0.716667	-0.457144	1	DLOH	1	0	1	1	1	1.098627578	-0.957857764	1	1	HETD	1	0
chr7	139752025	139906672	139762282	139762282	1	0.943396	0.677158	9	ALOH	5	0	5	1	1	4.417636556	1.049714555	1	5	HLAMP	5	0
chr7	139906673	159138663	140051063	158902425	141	0.714286	-0.638569	1	DLOH	1	0	1	1	1	0.770458815	-1.469770431	1	1	HETD	1	0
chr8	1	3148442	566460	3072322	30	0.806006	0.085859	2	NLOH	2	0	2	1	1	2.367780456	0.149975142	1	2	NEUT	2	0
chr8	3148443	6617972	3224561	6500544	24	0.85953	0.275152	4	ALOH	3	0	3	1	1	2.935088346	0.459843753	1	3	GAIN	3	0
chr8	6617973	21658834	6735399	21550768	99	0.8	-0.061601	2	NLOH	2	0	2	1	1	1.974638247	-0.1119718	1	2	NEUT	2	0
chr8	21658835	37912206	21766900	37728750	162	0.632051	0.276777	5	GAIN	3	1	2	1	1	2.940287853	0.462397225	0.707433923	3	GAIN	2	1
chr8	37912207	38274299	38095662	38178767	7	0.666667	0.53989	7	ASCNA	4	1	3	1	1	3.86434721	0.856664549	0.739059672	4	AMP	3	1
chr8	38274300	45622874	38369831	42404040	36	0.680909	-0.661812	1	DLOH	1	0	1	1	1	0.731320218	-1.544985024	1	1	HETD	1	0
chr8	45622875	59370240	48841708	59329438	10	0.611614	0.123965	3	HET	2	1	1	NA	NA	2.476079062	0.214497205	0.687275561	2	NEUT	1	1
chr8	59370241	62714403	59411042	61769195	12	0.707143	-0.608018	1	DLOH	1	0	1	1	1	0.82287178	-1.374820624	1	1	HETD	1	0
chr8	62714404	65228109	63659610	63938764	4	0.637633	0.047637	3	HET	2	1	1	NA	NA	2.261988054	0.084031134	0.739763016	2	NEUT	1	1
chr8	65228110	66827962	66517454	66691934	5	0.765306	0.652852	10	ASCNA	5	1	4	1	1	4.315791418	1.016064965	0.868488906	5	HLAMP	4	1
chr8	66827963	68176718	66963989	67380528	10	0.639785	0.23109	5	GAIN	3	1	2	1	1	2.796312681	0.389965514	0.72369157	3	GAIN	2	1
chr8	68176719	71428206	68972907	70744812	12	0.653333	-0.573968	1	DLOH	1	0	1	1	1	0.882610484	-1.273711387	0.944933109	1	HETD	1	0
chr8	71428207	75078468	72111599	74893880	19	0.568966	0.012384	3	HET	2	1	1	NA	NA	2.166867107	0.0220505	0.622388461	2	NEUT	1	1
chr8	75078469	79222365	75263057	77765865	7	0.735849	-0.660472	1	DLOH	1	0	1	1	1	0.73355954	-1.540574203	1	1	HETD	1	0
chr8	79222366	86423043	80678865	85785413	11	0.567568	-0.101429	3	HET	2	1	1	NA	NA	1.87516666	-0.186541352	0.628049468	2	NEUT	1	1
chr8	86423044	87155835	87060672	87076520	2	0.770263	0.726678	10	ASCNA	5	1	4	1	1	4.630516892	1.117613071	0.868229649	5	HLAMP	4	1
chr8	87155836	89425395	87235150	87917236	6	0.625	-0.189814	3	HET	2	1	1	NA	NA	1.663990319	-0.358913137	0.751089914	2	NEUT	1	1
chr8	89425396	92687119	90933554	92401457	11	0.666667	0.949745	14	UBCNA	6	2	4	1	1	5.685462023	1.413717417	0.715871519	6	HLAMP	4	2
chr8	92687120	101200280	92972780	101196824	50	0.619287	-0.230614	3	HET	2	1	1	NA	NA	1.570787481	-0.442072171	0.746753722	2	NEUT	1	1
chr8	101200281	115130749	101203737	113662299	77	0.619048	0.327559	5	GAIN	3	1	2	1	1	3.105761589	0.541386911	0.683387121	3	GAIN	2	1
chr8	115130750	118502301	116599199	118185025	4	0.809091	-0.711629	1	DLOH	1	0	1	1	1	0.649528205	-1.716096096	1	1	HETD	1	0
chr8	118502302	142188487	118819578	142176507	150	0.579385	0.066939	3	HET	2	1	1	NA	NA	2.315062586	0.11749102	0.636941827	2	NEUT	1	1
chr8	142188488	143772291	142200467	143762724	18	0.580586	0.251152	5	GAIN	3	1	2	1	1	2.85897372	0.421937183	0.627897919	3	GAIN	2	1
chr8	143772292	143812764	143781858	143808951	5	0.604972	0.958089	14	UBCNA	6	2	4	1	1	5.728175778	1.424515588	0.635731429	6	HLAMP	4	2
chr8	143812765	145412584	143816577	145247168	45	0.670391	0.564638	7	ASCNA	4	1	3	1	1	3.960249434	0.892031124	0.742608964	4	AMP	3	1
chr8	145412585	145667009	145577999	145666664	29	0.729927	-0.240546	2	NLOH	2	0	2	1	1	1.548495116	-0.462693343	0.979157543	2	NEUT	2	0
chr8	145667010	146364022	145667354	146076708	14	0.695652	-0.478165	1	DLOH	1	0	1	1	1	1.058456415	-1.011598312	1	1	HETD	1	0
chr9	1	7140162	215269	7105651	62	0.763562	-0.354631	2	NLOH	2	0	2	1	1	1.303140715	-0.711567299	1	2	NEUT	2	0
chr9	7140163	20938334	7174673	20923618	50	0.748494	-0.547599	1	DLOH	1	0	1	1	1	0.92985183	-1.198487427	1	1	HETD	1	0
chr9	20938335	21892458	20953049	21816758	4	0.783333	-1.216367	0	HOMD	0	0	0	1	1	0.015625	-7.093560176	1	0	HOMD	0	0
chr9	21892459	29940503	21968159	27455095	23	0.733333	-0.62757	1	DLOH	1	0	1	1	1	0.789200842	-1.435095775	1	1	HETD	1	0
chr9	29940504	54938171	32425910	38397355	115	0.555556	-0.030244	3	HET	2	1	1	NA	NA	2.054908425	-0.054486073	0.600935492	2	NEUT	1	1
chr9	54938172	75550417	71478986	75545882	43	0.655172	0.565366	7	ASCNA	4	1	3	1	1	3.963095527	0.893067567	0.720892362	4	AMP	3	1
chr9	75550418	89643475	75554952	88943171	60	0.654026	0.406412	5	GAIN	3	1	2	1	1	3.374531805	0.661127175	0.730638854	3	GAIN	2	1
chr9	89643476	113951907	90343780	113449271	196	0.604356	-0.259232	3	HET	2	1	1	NA	NA	1.50696812	-0.501911279	0.72059035	2	NEUT	1	1
chr9	113951908	117824392	114454544	117804544	59	0.565789	-0.433997	1	DLOH	1	0	1	1	1	1.143543933	-0.900048384	0.662354404	1	HETD	1	0
chr9	117824393	132783378	117844239	132720770	161	0.592593	-0.111791	3	HET	2	1	1	NA	NA	1.849734284	-0.206242135	0.676614405	2	NEUT	1	1
chr9	132783379	134775444	132845986	134477579	56	0.561765	-0.528517	1	DLOH	1	0	1	1	1	0.964580702	-1.145586323	0.669244344	1	HETD	1	0
chr9	134775445	136417648	135073309	136333356	57	0.574074	-0.324496	3	HET	2	1	1	NA	NA	1.36607619	-0.643522227	0.665088797	2	NEUT	1	1
chr9	136417649	138631444	136501941	138555161	50	0.596296	-0.435497	1	DLOH	1	0	1	1	1	1.140611321	-0.90375292	0.73800313	1	HETD	1	0
chr9	138631445	141213431	138707727	141016531	74	0.549194	-0.078938	3	HET	2	1	1	NA	NA	1.931000879	-0.144211355	0.59195529	2	NEUT	1	1
chr10	1	15182141	696237	15106441	78	0.747549	-0.547197	1	DLOH	1	0	1	1	1	0.930578736	-1.19736005	1	1	HETD	1	0
chr10	15182142	34651842	15257841	34636820	119	0.774194	-0.185809	2	NLOH	2	0	2	1	1	1.673282143	-0.350879448	1	2	NEUT	2	0
chr10	34651843	49018188	34666864	48426798	49	0.578947	0.305687	5	GAIN	3	1	2	1	1	3.033776774	0.507554759	0.622626046	3	GAIN	2	1
chr10	49018189	53339208	49609578	52603659	53	0.602941	0.133885	3	HET	2	1	1	NA	NA	2.504744464	0.23110325	0.671924637	2	NEUT	1	1
chr10	53339209	75622821	54074757	75612881	137	0.741935	-0.551357	1	DLOH	1	0	1	1	1	0.923066316	-1.209053971	1	1	HETD	1	0
chr10	75622822	111994304	75632760	111647738	311	0.822222	-0.062751	2	NLOH	2	0	2	1	1	1.971727421	-0.114100054	1	2	NEUT	2	0
chr10	111994305	122953704	112340871	122668296	107	0.659574	0.270175	5	GAIN	3	1	2	1	1	2.919199843	0.452012802	0.751326823	3	GAIN	2	1
chr10	122953705	123438025	123239112	123279795	5	0.794118	1.20462	17	ASCNA	7	1	6	1	1	7.108417571	1.735968256	0.863567609	7	HLAMP	6	1
chr10	123438026	124398199	123596254	124338946	22	0.576467	0.089766	3	HET	2	1	1	NA	NA	2.378753142	0.156645386	0.630423753	2	NEUT	1	1
chr10	124398200	127715403	124457452	127706028	41	0.72093	0.596793	7	ASCNA	4	1	3	1	1	4.087337715	0.937601274	0.811656739	4	AMP	3	1
chr10	127715404	129649926	127724778	129536575	18	0.837398	1.12612	17	ASCNA	7	1	6	1	1	6.643078224	1.638291727	0.922647977	7	HLAMP	6	1
chr10	129649927	132960957	129763277	131973459	12	0.704568	0.206448	2	NLOH	2	0	2	1	1	2.72052956	0.350327328	0.830781375	2	NEUT	2	0
chr10	132960958	133965555	133948456	133954011	5	0.758621	0.79359	10	ASCNA	5	1	4	1	1	4.93001997	1.208033314	0.846672395	5	HLAMP	4	1
chr10	133965556	134587863	133977098	134137638	10	0.625791	0.343917	5	GAIN	3	1	2	1	1	3.160316639	0.566508936	0.692600789	3	GAIN	2	1
chr10	134587864	135534747	135038088	135213263	12	0.77838	0.733898	10	ASCNA	5	1	4	1	1	4.662169644	1.127441325	0.878603852	5	HLAMP	4	1
chr11	1	66305825	199256	66298623	820	0.590082	0.00316	3	HET	2	1	1	NA	NA	2.142359841	0.005640646	0.660659575	2	NEUT	1	1
chr11	66305826	68691552	66313026	68682402	51	0.555556	0.289436	5	GAIN	3	1	2	1	1	2.980993959	0.482233276	0.586837747	3	GAIN	2	1
chr11	68691553	77195930	68700701	77090518	98	0.577145	-0.041478	3	HET	2	1	1	NA	NA	2.025949962	-0.074961634	0.641059618	2	NEUT	1	1
chr11	77195931	77542764	77301341	77531890	9	0.80791	1.336779	21	ASCNA	8	1	7	1	1	7.951368839	1.897643068	0.872908454	8	HLAMP	7	1
chr11	77542765	80408770	77553638	77850517	13	0.809524	1.055899	13	ASCNA	6	1	5	1	1	6.247737382	1.549773636	0.892679828	6	HLAMP	5	1
chr11	80408771	104373589	82967023	103907956	94	0.680195	-0.75667	1	DLOH	1	0	1	1	1	0.577969931	-1.884493834	1	1	HETD	1	0
chr11	104373590	104873712	104839222	104869708	3	0.647059	-1.22191	0	HOMD	0	0	0	1	1	0.015625	-7.093560176	1	0	HOMD	0	0
chr11	104873713	113567046	104877717	113563688	61	0.642857	-0.846773	1	DLOH	1	0	1	1	1	0.441353532	-2.273553527	1	1	HETD	1	0
chr11	113567047	114238972	113570405	114167476	9	0.7	-1.107638	0	HOMD	0	0	0	1	1	0.090703129	-4.556264038	1	0	HOMD	0	0
chr11	114238973	116677127	114310469	116662579	6	0.670673	-0.550791	1	DLOH	1	0	1	1	1	0.924087166	-1.207459328	0.980681081	1	HETD	1	0
chr11	116677128	117988695	116691675	117965530	29	0.652174	-1.039223	0	HOMD	0	0	0	1	1	0.176622773	-3.594816904	1	0	HOMD	0	0
chr11	117988696	118091071	118011860	118074337	6	0.75641	-0.811346	1	DLOH	1	0	1	1	1	0.494053304	-2.110821568	1	1	HETD	1	0
chr11	118091072	118950986	118107805	118949799	28	0.654212	-1.029336	0	HOMD	0	0	0	1	1	0.189379858	-3.494205377	1	0	HOMD	0	0
chr11	118950987	118991510	118952173	118985151	9	0.690476	-0.901767	1	DLOH	1	0	1	1	1	0.362067748	-2.559228601	1	1	HETD	1	0
chr11	118991511	120407527	118997869	120107411	14	0.673333	-1.06635	0	HOMD	0	0	0	1	1	0.142066804	-3.908918782	1	0	HOMD	0	0
chr11	120407528	134028597	120707644	134018656	125	0.660377	-0.878018	1	DLOH	1	0	1	1	1	0.39593665	-2.430218656	1	1	HETD	1	0
chr11	134028598	135006516	134038538	134241094	9	0.684211	-1.061688	0	HOMD	0	0	0	1	1	0.147959392	-3.850286997	1	0	HOMD	0	0
chr12	1	133851895	275065	133728600	1297	0.5625	0.04476	3	HET	2	1	1	NA	NA	2.254137825	0.079015553	0.60903939	2	NEUT	1	1
chr13	1	24718344	21063524	24415443	20	0.566392	0.15448	3	HET	2	1	1	NA	NA	2.564890077	0.265336822	0.609839834	2	NEUT	1	1
chr13	24718345	25858926	25021245	25841842	40	0.587921	0.247777	5	GAIN	3	1	2	1	1	2.848371291	0.416577041	0.639731425	3	GAIN	2	1
chr13	25858927	33282541	25876011	33232435	67	0.657143	0.598179	7	ASCNA	4	1	3	1	1	4.092879628	0.939556061	0.721587699	4	AMP	3	1
chr13	33282542	40243356	33332648	40230229	55	0.761905	-0.312548	2	NLOH	2	0	2	1	1	1.391395216	-0.617027911	1	2	NEUT	2	0
chr13	40243357	95899712	40256483	95899354	146	0.742968	-0.429172	1	DLOH	1	0	1	1	1	1.152997873	-0.888170325	1	1	HETD	1	0
chr13	95899713	95993041	95900071	95900071	1	0.666667	0.858872	10	ASCNA	5	1	4	1	1	5.23592459	1.294884143	0.720096039	5	HLAMP	4	1
chr13	95993042	103517829	96086010	103510896	63	0.77193	-0.430232	1	DLOH	1	0	1	1	1	1.150918234	-0.890774834	1	1	HETD	1	0
chr13	103517830	115169878	103524762	115064542	81	0.760563	-0.356178	2	NLOH	2	0	2	1	1	1.29994522	-0.715109347	1	2	NEUT	2	0
chr14	1	22609083	20215989	22138437	69	0.592593	0.044129	3	HET	2	1	1	NA	NA	2.252418161	0.077914512	0.661593187	2	NEUT	1	1
chr14	22609084	23859354	23079730	23856896	45	0.6375	0.202036	5	GAIN	3	1	2	1	1	2.707097153	0.343186488	0.722755025	3	GAIN	2	1
chr14	23859355	92190358	23861811	92189366	467	0.583333	0.028471	3	HET	2	1	1	NA	NA	2.209985426	0.050476679	0.646624988	2	NEUT	1	1
chr14	92190359	107349540	92191350	105916797	154	0.604523	0.187213	5	GAIN	3	1	2	1	1	2.662267946	0.319095604	0.670422366	3	GAIN	2	1
chr15	1	30003446	22958104	29998002	18	0.660256	-0.360202	1	DLOH	1	0	1	1	1	1.291649246	-0.724345824	0.868508793	1	HETD	1	0
chr15	30003447	40822418	30008889	40728036	113	0.642857	-0.184445	3	HET	2	1	1	NA	NA	1.676452592	-0.34814849	0.785888397	2	NEUT	1	1
chr15	40822419	47016698	40916801	45974628	50	0.644009	-0.333928	1	DLOH	1	0	1	1	1	1.346236399	-0.664628407	0.823560665	1	HETD	1	0
chr15	47016699	102531392	48058769	101970091	473	0.621622	-0.197235	3	HET	2	1	1	NA	NA	1.646841214	-0.373858717	0.745581994	2	NEUT	1	1
chr16	1	39262335	115041	31819168	457	0.553191	0.020997	3	HET	2	1	1	NA	NA	2.189892903	0.03730014	0.593960596	2	NEUT	1	1
chr16	39262336	62370398	46705502	58327646	135	0.764706	-0.542317	1	DLOH	1	0	1	1	1	0.939419037	-1.183719442	1	1	HETD	1	0
chr16	62370399	70136790	66413150	69970000	39	0.555556	0.015409	3	HET	2	1	1	NA	NA	2.174938415	0.027414374	0.598431099	2	NEUT	1	1
chr16	70136791	71948224	70303580	71928850	29	0.730769	-0.613787	1	DLOH	1	0	1	1	1	0.812889354	-1.392429276	1	1	HETD	1	0
chr16	71948225	72016965	71967599	72013797	13	0.623853	0.089124	3	HET	2	1	1	NA	NA	2.376948064	0.155550205	0.711312697	2	NEUT	1	1
chr16	72016966	72031574	72020134	72020323	3	0.648438	0.666533	7	ASCNA	4	1	3	1	1	4.372905332	1.03503194	0.70541455	4	AMP	3	1
chr16	72031575	72573597	72042825	72162855	22	0.737069	-0.659667	1	DLOH	1	0	1	1	1	0.734905804	-1.537928925	1	1	HETD	1	0
chr16	72573598	75163767	72984340	74999617	22	0.585714	-0.025484	3	HET	2	1	1	NA	NA	2.0672467	-0.045849609	0.655309408	2	NEUT	1	1
chr16	75163768	76879055	75327916	76532392	14	0.763889	-0.428454	1	DLOH	1	0	1	1	1	1.154407402	-0.88640772	1	1	HETD	1	0
chr16	76879056	79943685	77225718	79245465	24	0.610052	0.281253	5	GAIN	3	1	2	1	1	2.954640016	0.469422192	0.672571356	3	GAIN	2	1
chr16	79943686	83423785	80641906	83065965	42	0.730342	-0.693512	1	DLOH	1	0	1	1	1	0.678947317	-1.652188638	1	1	HETD	1	0
chr16	83423786	84211218	83781604	84209864	17	0.583333	0.018109	3	HET	2	1	1	NA	NA	2.182156866	0.032194638	0.647432137	2	NEUT	1	1
chr16	84211219	84403894	84212571	84351828	19	0.714286	0.683892	10	ASCNA	5	1	4	1	1	4.446157715	1.058998949	0.795182562	5	HLAMP	4	1
chr16	84403895	85064749	84455961	85023855	18	0.704293	0.514388	7	ASCNA	4	1	3	1	1	3.767229202	0.819943635	0.795316299	4	AMP	3	1
chr16	85064750	86202349	85105643	85839211	11	0.557377	0.048856	3	HET	2	1	1	NA	NA	2.265318961	0.086154023	0.599890769	2	NEUT	1	1
chr16	86202350	90354753	86565486	90102835	86	0.708013	-0.557978	1	DLOH	1	0	1	1	1	0.911154235	-1.227792985	1	1	HETD	1	0
chr17	1	18060876	423051	17957348	392	0.826087	0.014082	2	NLOH	2	0	2	1	1	2.171395628	0.025062433	1	2	NEUT	2	0
chr17	18060877	20186853	18164404	19463343	28	0.685525	1.233541	22	UBCNA	8	2	6	1	1	7.286342005	1.771634538	0.728262983	7	HLAMP	5	2
chr17	20186854	23954417	20910364	21217513	13	0.646341	0.323773	5	GAIN	3	1	2	1	1	3.093222927	0.535550635	0.725751134	3	GAIN	2	1
chr17	23954418	48353492	26691321	48273903	375	0.56	-0.000345	3	HET	2	1	1	NA	NA	2.133088404	-0.000616418	0.60721321	2	NEUT	1	1
chr17	48353493	48504744	48433081	48469724	8	0.712634	0.629725	7	ASCNA	4	1	3	1	1	4.220466543	0.983842312	0.797199531	4	AMP	3	1
chr17	48504745	81195210	48539763	81006387	517	0.568182	-0.047744	3	HET	2	1	1	NA	NA	2.009895465	-0.086439707	0.625121991	2	NEUT	1	1
chr18	1	504005	196829	334994	8	0.814516	0.036835	2	NLOH	2	0	2	1	1	2.232594323	0.065160952	1	2	NEUT	2	0
chr18	504006	1762084	673016	907710	12	0.897698	0.335994	4	ALOH	3	0	3	1	1	3.133815641	0.554360134	1	3	GAIN	3	0
chr18	1762085	3474351	2616457	3134555	15	0.653846	0.555756	7	ASCNA	4	1	3	1	1	3.925640934	0.879368044	0.719626439	4	AMP	3	1
chr18	3474352	6479740	3814148	5960165	10	0.668778	0.734248	10	ASCNA	5	1	4	1	1	4.663708086	1.127917313	0.729522311	5	HLAMP	4	1
chr18	6479741	26601389	6999315	24628305	128	0.636364	0.287476	5	GAIN	3	1	2	1	1	2.974668017	0.479168492	0.713309346	3	GAIN	2	1
chr18	26601390	54789988	28574472	54361837	118	0.8	-0.15858	2	NLOH	2	0	2	1	1	1.737143427	-0.296843301	1	2	NEUT	2	0
chr18	54789989	55982919	55218139	55816791	14	0.678161	-1.052628	0	HOMD	0	0	0	1	1	0.159465484	-3.74224408	1	0	HOMD	0	0
chr18	55982920	61321056	56149048	61264468	50	0.72	-0.937953	1	DLOH	1	0	1	1	1	0.311522337	-2.776152659	1	1	HETD	1	0
chr18	61321057	62565835	61377644	61654463	8	0.700321	-1.221481	0	HOMD	0	0	0	1	1	0.015625	-7.093560176	1	0	HOMD	0	0
chr18	62565836	78077248	63477206	77894844	58	0.7	-0.789355	1	DLOH	1	0	1	1	1	0.527423203	-2.01652723	1	1	HETD	1	0
chr19	1	845658	281360	829723	19	0.557143	0.281616	5	GAIN	3	1	2	1	1	2.955805918	0.469991367	0.589592518	3	GAIN	2	1
chr19	845659	1484004	861593	1460473	48	0.563097	0.534072	8	BCNA	4	2	2	1	1	3.842039416	0.848312144	0.590662637	4	AMP	2	2
chr19	1484005	7748161	1507535	7734511	191	0.555556	0.226795	5	GAIN	3	1	2	1	1	2.783010676	0.383086267	0.58906313	3	GAIN	2	1
chr19	7748162	12209994	7761812	11728802	221	0.547945	0.057115	3	HET	2	1	1	NA	NA	2.287960894	0.100502218	0.583118522	2	NEUT	1	1
chr19	12209995	17041976	12691185	17015428	116	0.56144	0.304898	5	GAIN	3	1	2	1	1	3.031200367	0.506329043	0.595461832	3	GAIN	2	1
chr19	17041977	18027589	17068524	18001839	37	0.56	0.070451	3	HET	2	1	1	NA	NA	2.324796087	0.123544004	0.603319907	2	NEUT	1	1
chr19	18027590	20097058	18053340	20044041	78	0.555556	0.25504	5	GAIN	3	1	2	1	1	2.871218504	0.42810295	0.588033744	3	GAIN	2	1
chr19	20097059	22265508	20150075	21588692	14	0.555805	0.500693	8	BCNA	4	2	2	1	1	3.715779389	0.800104673	0.581013344	4	AMP	2	2
chr19	22265509	59128983	22942325	58718269	666	0.566228	-0.192722	3	HET	2	1	1	NA	NA	1.657259742	-0.364760443	0.633304778	2	NEUT	1	1
chr20	1	16896968	138125	16359650	152	0.579916	-0.124935	3	HET	2	1	1	NA	NA	1.817735501	-0.231417888	0.653710532	2	NEUT	1	1
chr20	16896969	24942457	17434286	24940467	52	0.558125	0.326276	5	GAIN	3	1	2	1	1	3.1015088	0.539410042	0.589581549	3	GAIN	2	1
chr20	24942458	31447085	24944447	31427635	43	0.590164	0.650936	8	BCNA	4	2	2	1	1	4.307835865	1.013403106	0.625295376	4	AMP	2	2
chr20	31447086	32638531	31466534	32264533	44	0.543929	0.356997	5	GAIN	3	1	2	1	1	3.204386585	0.586488032	0.566939579	3	GAIN	2	1
chr20	32638532	34106503	33012529	34096725	46	0.687743	1.062867	14	UBCNA	6	2	4	1	1	6.28611251	1.558607918	0.737873581	6	HLAMP	4	2
chr20	34106504	36187204	34116282	35812526	24	0.6	0.220596	5	GAIN	3	1	2	1	1	2.7638815	0.373135586	0.660729781	3	GAIN	2	1
chr20	36187205	36755780	36561882	36718059	7	0.857143	1.954823	21	ASCNA	8	1	7	1	1	13.10135392	2.618083829	0.902898899	13	HLAMP	12	1
chr20	36755781	37521862	36793501	37396120	16	0.805255	-0.449728	1	DLOH	1	0	1	1	1	1.112939817	-0.939184596	1	1	HETD	1	0
chr20	37521863	38628515	37647605	37647605	1	0.794118	1.429076	21	ASCNA	8	1	7	1	1	8.587577422	2.008691025	0.851605321	9	HLAMP	8	1
chr20	38628516	40857042	39609426	40733082	10	0.699752	0.822618	10	ASCNA	5	1	4	1	1	5.064334564	1.24681254	0.765956861	5	HLAMP	4	1
chr20	40857043	41755830	40981002	41306600	4	0.629274	0.484129	3	HET	2	1	1	NA	NA	3.654200293	0.775995536	0.68865397	2	NEUT	1	1
chr20	41755831	42526212	42205061	42355169	13	0.8	-0.585334	1	DLOH	1	0	1	1	1	0.862512538	-1.306942841	1	1	HETD	1	0
chr20	42526213	43589158	42697255	43577644	18	0.834388	-0.153859	2	NLOH	2	0	2	1	1	1.748338905	-0.287575306	1	2	NEUT	2	0
chr20	43589159	44618028	43600673	44596545	43	0.565217	0.369648	5	GAIN	3	1	2	1	1	3.247392921	0.605721779	0.598926096	3	GAIN	2	1
chr20	44618029	45480111	44639511	45242269	9	0.566038	0.613451	8	BCNA	4	2	2	1	1	4.154298474	0.961044697	0.592719937	4	AMP	2	2
chr20	45480112	46784807	45717954	46313135	7	0.7	0.860613	14	UBCNA	6	2	4	1	1	5.244273741	1.297182817	0.764012645	6	HLAMP	4	2
chr20	46784808	47602435	47256479	47361725	10	0.584754	0.575639	8	BCNA	4	2	2	1	1	4.003411003	0.907669559	0.620288578	4	AMP	2	2
chr20	47602436	49159255	47843146	49127282	23	0.640693	0.974423	14	UBCNA	6	2	4	1	1	5.812509667	1.445601034	0.68132142	6	HLAMP	4	2
chr20	49159256	49728777	49191228	49236478	6	0.557145	0.625345	8	BCNA	4	2	2	1	1	4.202584532	0.977716663	0.579968535	4	AMP	2	2
chr20	49728778	53869572	50221076	52782438	11	0.828571	1.52999	21	ASCNA	8	1	7	1	1	9.331382238	2.128530624	0.8876733	9	HLAMP	8	1
chr20	53869573	56030881	54956707	55983073	22	0.724116	-0.317676	1	DLOH	1	0	1	1	1	1.380502773	-0.62836639	0.996609854	1	HETD	1	0
chr20	56030882	56510610	56078690	56227514	17	0.611111	0.16998	5	GAIN	3	1	2	1	1	2.610725908	0.290890825	0.682546964	3	GAIN	2	1
chr20	56510611	57743107	56793706	57610059	12	0.692488	-0.2214	2	NLOH	2	0	2	1	1	1.591605973	-0.423076957	0.895484818	2	NEUT	2	0
chr20	57743108	59237421	57876155	58644995	6	0.740554	1.394197	22	UBCNA	8	2	6	1	1	8.342358064	1.96689506	0.788953947	8	HLAMP	6	2
chr20	59237422	62540319	59829847	62520674	73	0.651163	-0.197828	3	HET	2	1	1	NA	NA	1.645474659	-0.375056367	0.805359826	2	NEUT	1	1
chr20	62540320	62820930	62559964	62737318	9	0.541667	0.45865	5	GAIN	3	1	2	1	1	3.560847864	0.738660622	0.561307835	3	GAIN	2	1
chr20	62820931	63025520	62904542	62904542	1	0.609524	1.176741	19	UBCNA	7	3	4	1	1	6.94024711	1.701426855	0.636012386	7	HLAMP	4	3
chr21	1	48129895	15481365	47858248	328	0.571898	-0.02547	3	HET	2	1	1	NA	NA	2.06728305	-0.045824242	0.630274493	2	NEUT	1	1
chr22	1	31422974	17288988	31354653	206	0.789898	-0.162061	2	NLOH	2	0	2	1	1	1.728911944	-0.303695784	1	2	NEUT	2	0
chr22	31422975	31749050	31491295	31678958	8	0.596875	0.272313	5	GAIN	3	1	2	1	1	2.926018448	0.455378689	0.652446969	3	GAIN	2	1
chr22	31749051	32155661	31819142	32112461	22	0.827613	-0.238343	2	NLOH	2	0	2	1	1	1.553426511	-0.458106184	1	2	NEUT	2	0
chr22	32155662	33095341	32198862	32937401	22	0.567647	0.549921	8	BCNA	4	2	2	1	1	3.903020687	0.871030933	0.596738681	4	AMP	2	2
chr22	33095342	34742766	33253280	34022284	6	0.60303	1.058233	14	UBCNA	6	2	4	1	1	6.260570869	1.552734039	0.630653003	6	HLAMP	4	2
chr22	34742767	37558454	35463249	37538328	45	0.578947	0.802462	11	UBCNA	5	2	3	1	1	4.970784947	1.219913513	0.605605259	5	HLAMP	3	2
chr22	37558455	38043413	37578579	38025375	15	0.807018	-0.144606	2	NLOH	2	0	2	1	1	1.770388219	-0.269494421	1	2	NEUT	2	0
chr22	38043414	38278323	38061450	38273749	17	0.6	1.079613	15	BCNA	6	3	3	1	1	6.379099913	1.579792699	0.626312477	6	HLAMP	3	3
chr22	38278324	38356559	38282897	38343143	7	0.823529	-0.16446	2	NLOH	2	0	2	1	1	1.723250605	-0.308427655	1	2	NEUT	2	0
chr22	38356560	39159668	38369976	38823136	12	0.568452	0.601386	8	BCNA	4	2	2	1	1	4.105723229	0.944076201	0.596436503	4	AMP	2	2
chr22	39159669	41145439	39496199	41075695	23	0.589286	0.287803	5	GAIN	3	1	2	1	1	2.975722819	0.479679973	0.63964905	3	GAIN	2	1
chr22	41145440	44896242	41215183	44594476	57	0.6	0.775534	11	UBCNA	5	2	3	1	1	4.847826693	1.183777948	0.634623745	5	HLAMP	3	2
chr22	44896243	50479068	45198009	50320943	17	0.831579	-0.14664	2	NLOH	2	0	2	1	1	1.765529192	-0.273459501	1	2	NEUT	2	0
chr22	50479069	51304566	50637193	51065361	30	0.826595	0.363891	4	ALOH	3	0	3	1	1	3.22777557	0.596980094	0.996430054	3	GAIN	3	0
chrX	1	55523669	2847017	55289593	127	0.6	0.279128	5	GAIN	3	1	2	1	1	2.947820714	0.466088606	0.656940341	3	HLAMP	2	1
chrX	55523670	96176336	55757744	96139459	42	0.790259	-0.195998	2	NLOH	2	0	2	1	1	1.64969366	-0.371362028	1	2	NEUT	2	0
chrX	96176337	108052459	96213213	107396365	29	0.75	-0.394973	1	DLOH	1	0	1	1	1	1.220920209	-0.805591258	1	1	HETD	1	0
chrX	108052460	126253384	108708552	123630790	39	0.778689	-0.105923	2	NLOH	2	0	2	1	1	1.864114202	-0.195069929	1	2	NEUT	2	0
chrX	126253385	144156575	128875978	141290865	49	0.758242	-0.449277	1	DLOH	1	0	1	1	1	1.113812583	-0.938053679	1	1	HETD	1	0
chrX	144156576	155270560	147022284	153760508	42	0.793987	-0.009195	2	NLOH	2	0	2	1	1	2.109778351	-0.016468736	1	2	NEUT	2	0
chrY	1	59373566	Fill_In	Fill_In	Fill_In	Fill_In	Fill_In	Fill_In	NA	1	0	1	Fill_In	Fill_In	Fill_In	Fill_In	Fill_In	Fill_In	NA	1	0