Chromosome	Start	End	Start.snp	End.snp	Length.snp.	Median_Ratio	Median_logR	TITAN_state	TITAN_call	Copy_Number	MinorCN	MajorCN	Clonal_Cluster	Cellular_Prevalence	logR_Copy_Number	Corrected_logR	Corrected_Ratio	Corrected_Copy_Number	Corrected_Call	Corrected_MajorCN	Corrected_MinorCN
chr1	1	26721652	894573	26691174	451	0.58	0.23491	5	GAIN	3	1	2	2	0.778168053	2.937917579	0.496823854	0.650871541	3	GAIN	2	1
chr1	26721653	55196127	26752129	55139741	302	0.59457	-0.23066	1	DLOH	1	0	1	3	0.583244755	1.212466719	-0.780024921	0.917553885	1	HETD	1	0
chr1	55196128	86867350	55252514	86838158	172	0.626979	-0.172793	2	NLOH	2	0	2	3	0.583244755	1.431557629	-0.54038432	0.994278518	2	NEUT	2	0
chr1	86867351	111980782	86896541	111969719	183	0.607143	-0.275456	1	DLOH	1	0	1	3	0.583244755	1.048796886	-0.989234761	1	1	HETD	1	0
chr1	111980783	145075913	111991845	145075903	82	0.620192	-0.048728	2	NLOH	2	0	2	3	0.583244755	1.931973258	-0.107894944	0.877807353	2	NEUT	2	0
chr1	145075914	152746489	145075923	152733301	93	0.638554	0.426514	5	GAIN	3	1	2	1	1	3.342234372	0.682842836	0.704122586	3	GAIN	2	1
chr1	152746490	152861279	152759678	152777964	3	0.61658	1.33745	18	UBCNA	7	2	5	1	1	7.676567876	1.882491371	0.640599868	7	HLAMP	5	2
chr1	152861280	153063559	152944594	153004809	6	0.658275	0.645056	7	ASCNA	4	1	3	1	1	4.147572523	0.994297139	0.718632603	4	AMP	3	1
chr1	153063560	153252329	153122310	153234295	3	0.634921	1.320571	23	UBCNA	8	3	5	1	1	7.568881178	1.86210999	0.663115313	8	HLAMP	5	3
chr1	153252330	169689189	153270362	169679553	335	0.613065	0.445953	5	GAIN	3	1	2	1	1	3.409028367	0.711390536	0.665522939	3	GAIN	2	1
chr1	169689190	170174569	169698825	169847683	12	0.548766	1.042312	15	BCNA	6	3	3	1	1	5.963743254	1.518248081	0.561699374	6	HLAMP	3	3
chr1	170174570	184502106	170501456	183909934	153	0.807018	0.077297	2	NLOH	2	0	2	1	1	2.283646082	0.133369012	1	2	NEUT	2	0
chr1	184502107	197083981	185094277	197073932	31	0.8	0.502341	4	ALOH	3	0	3	1	1	3.607952582	0.793210309	0.931514635	3	GAIN	3	0
chr1	197083982	197386305	197094030	197325908	6	0.766825	1.01735	21	ASCNA	8	1	7	3	0.583244755	8.574106335	2.042016241	0.89568999	9	HLAMP	8	1
chr1	197386306	212368230	197446702	212220847	210	0.712637	0.178247	4	ALOH	3	0	3	3	0.583244755	2.966663585	0.510871268	1	3	GAIN	3	0
chr1	212368231	218946839	212515613	217804325	44	0.609903	-0.582555	1	DLOH	1	0	1	1	1	0.864858602	-1.267433882	0.810894684	1	HETD	1	0
chr1	218946840	226340459	220089352	226125617	48	0.702941	0.299924	4	ALOH	3	0	3	3	0.583244755	3.592122976	0.786866673	0.936887144	3	GAIN	3	0
chr1	226340460	249250621	226555302	249110906	190	0.555556	-0.374084	1	DLOH	1	0	1	3	0.583244755	0.705863878	-1.560508169	0.881473217	1	HETD	1	0
chr2	1	61270063	234130	61235855	523	0.590551	0.373074	5	GAIN	3	1	2	1	1	3.163181162	0.603406116	0.635828541	3	GAIN	2	1
chr2	61270064	86121295	61304271	85925756	213	0.591954	-0.143881	1	DLOH	1	0	1	3	0.583244755	1.54435818	-0.430962676	0.838512446	1	HETD	1	0
chr2	86121296	100692945	86316834	100288931	74	0.546729	0.072917	5	GAIN	3	1	2	3	0.583244755	2.466234561	0.244339951	0.625189198	3	GAIN	2	1
chr2	100692946	104516651	101096960	103378857	47	0.741573	-0.472078	1	DLOH	1	0	1	1	1	1.059565234	-0.974497656	1	1	HETD	1	0
chr2	104516652	141749443	105654446	141747293	158	0.550366	0.201708	5	GAIN	3	1	2	1	1	2.631765802	0.338061043	0.580635404	3	GAIN	2	1
chr2	141749444	160500861	141751592	160116281	53	0.733333	-0.387679	1	DLOH	1	0	1	3	0.583244755	0.660405486	-1.656546059	1	1	HETD	1	0
chr2	160500862	167543506	160885442	167327064	40	0.604771	0.43427	5	GAIN	3	1	2	1	1	3.368776765	0.694254761	0.653961644	3	GAIN	2	1
chr2	167543507	170021987	167759948	170010985	24	0.760582	-0.577196	1	DLOH	1	0	1	1	1	0.873963287	-1.252325486	1	1	HETD	1	0
chr2	170021988	170117262	170032989	170059190	6	0.680218	0.991969	14	UBCNA	6	2	4	1	1	5.704986453	1.454253392	0.730182	6	HLAMP	4	2
chr2	170117263	171219790	170175334	170929880	19	0.804348	-0.44706	1	DLOH	1	0	1	1	1	1.105766601	-0.912923167	1	1	HETD	1	0
chr2	171219791	173153029	171509700	172966250	11	0.579545	0.079181	3	HET	2	1	1	NA	NA	2.288697044	0.136556437	0.634516581	2	NEUT	1	1
chr2	173153030	174957326	173339808	174820750	13	0.737705	-0.471619	1	DLOH	1	0	1	1	1	1.060405686	-0.973353757	1	1	HETD	1	0
chr2	174957327	183594916	175093901	183584755	59	0.622951	0.408398	5	GAIN	3	1	2	1	1	3.280791318	0.656073762	0.682225392	3	GAIN	2	1
chr2	183594917	219111290	183605077	219000734	187	0.695652	-0.376184	1	DLOH	1	0	1	1	1	1.241090079	-0.746362238	0.944993541	1	HETD	1	0
chr2	219111291	221403940	219221846	220506522	75	0.603053	0.382114	5	GAIN	3	1	2	1	1	3.193005932	0.616945165	0.65410051	3	GAIN	2	1
chr2	221403941	237595616	222301357	236957822	147	0.75	-0.564497	1	DLOH	1	0	1	1	1	0.895673789	-1.216924777	1	1	HETD	1	0
chr2	237595617	239669861	238233410	239335851	22	0.601754	0.445662	5	GAIN	3	1	2	1	1	3.408021818	0.710964503	0.648978001	3	GAIN	2	1
chr2	239669862	243199373	240003870	242758179	70	0.739565	-0.347031	1	DLOH	1	0	1	1	1	1.298710547	-0.680890145	1	1	HETD	1	0
chr3	1	5982395	361508	4776784	31	0.555556	-0.355698	1	DLOH	1	0	1	3	0.583244755	0.768027608	-1.438739992	0.855093657	1	HETD	1	0
chr3	5982396	76037220	7188006	74474166	564	0.549678	0.033053	5	GAIN	3	1	2	3	0.583244755	2.286167295	0.134960911	0.639659533	3	GAIN	2	1
chr3	76037221	87733578	77600273	86010600	5	0.866667	2.893677	4	ALOH	3	0	3	1	1	25.6452861	3.622651693	0.889281028	3	GAIN	3	0
chr3	87733579	98028647	89456555	97983981	27	0.542857	-0.286137	1	DLOH	1	0	1	3	0.583244755	1.010516638	-1.042876993	0.718477654	1	HETD	1	0
chr3	98028648	134435303	98073313	134225969	380	0.571025	0.206451	5	GAIN	3	1	2	3	0.583244755	3.106980636	0.577543181	0.66568576	3	GAIN	2	1
chr3	134435304	137821302	134644636	137799498	28	0.583801	-0.179874	1	DLOH	1	0	1	3	0.583244755	1.404273923	-0.568145688	0.83091347	1	HETD	1	0
chr3	137821303	184570297	137843106	184567039	269	0.555556	0.076706	5	GAIN	3	1	2	3	0.583244755	2.483609978	0.254468564	0.64818455	3	GAIN	2	1
chr3	184570298	186145838	184573555	186015283	24	0.5667	-0.224839	1	DLOH	1	0	1	3	0.583244755	1.234110268	-0.754498764	0.790504678	1	HETD	1	0
chr3	186145839	198022430	186276393	196746629	98	0.552178	0.124215	5	GAIN	3	1	2	3	0.583244755	2.70539241	0.3778678	0.632042624	3	GAIN	2	1
chr4	1	26538928	155713	26491974	258	0.612044	-0.06567	2	NLOH	2	0	2	3	0.583244755	1.86107451	-0.161834252	0.861343918	2	NEUT	2	0
chr4	26538929	79361047	26585881	79359885	219	0.576471	0.300742	5	GAIN	3	1	2	3	0.583244755	3.596508813	0.788627071	0.664517669	3	GAIN	2	1
chr4	79361048	154937653	79362209	154633734	256	0.746755	-0.441199	1	DLOH	1	0	1	3	0.583244755	0.485552746	-2.100270139	1	1	HETD	1	0
chr4	154937654	157558847	155241572	156875182	16	0.768831	-0.060293	2	NLOH	2	0	2	1	1	1.932043828	-0.107842247	0.988908693	2	NEUT	2	0
chr4	157558848	186323144	158242512	186321447	109	0.75	-0.375442	1	DLOH	1	0	1	1	1	1.242542236	-0.744675176	1	1	HETD	1	0
chr4	186323145	191154276	186324841	190862287	44	0.714286	-0.118987	2	NLOH	2	0	2	1	1	1.791962523	-0.216429603	0.903423884	2	NEUT	2	0
chr5	1	6490428	224418	6378312	54	0.658414	0.373744	7	ASCNA	4	1	3	3	0.583244755	3.998106641	0.941346885	0.822486758	4	AMP	3	1
chr5	6490429	29145320	6602544	26988424	85	0.663265	0.015238	2	NLOH	2	0	2	3	0.583244755	2.207290889	0.0843067	0.969553586	2	NEUT	2	0
chr5	29145321	40844885	31302215	40835088	101	0.541667	0.093912	5	GAIN	3	1	2	3	0.583244755	2.563089101	0.299913563	0.608984165	3	GAIN	2	1
chr5	40844886	47497074	40854682	44310492	32	0.54527	-0.182644	1	DLOH	1	0	1	3	0.583244755	1.393637259	-0.579114969	0.679781073	1	HETD	1	0
chr5	47497075	115799025	50683655	115783553	399	0.560345	0.12871	5	GAIN	3	1	2	3	0.583244755	2.726756721	0.389215921	0.6519865	3	GAIN	2	1
chr5	115799026	132307953	115814496	132069847	79	0.6	0.000505	2	NLOH	2	0	2	3	0.583244755	2.14279194	0.041521706	0.793249014	2	NEUT	2	0
chr5	132307954	140154977	132546059	140081791	72	0.598319	-0.191219	1	DLOH	1	0	1	3	0.583244755	1.360838849	-0.613473836	0.897495891	1	HETD	1	0
chr5	140154978	140827452	140228164	140798639	32	0.598191	0.6222	14	UBCNA	6	2	4	3	0.583244755	5.527716101	1.408713453	0.671747871	6	HLAMP	4	2
chr5	140827453	180915260	140856265	180627250	398	0.593017	-0.246238	1	DLOH	1	0	1	3	0.583244755	1.154972588	-0.850111457	0.926510937	1	HETD	1	0
chr6	1	26247518	549364	26124430	209	0.8	-0.094237	2	NLOH	2	0	2	1	1	1.850337668	-0.170181497	1	2	NEUT	2	0
chr6	26247519	26485218	26370605	26468660	19	0.771429	-0.708867	1	DLOH	1	0	1	1	1	0.659767989	-1.657939382	1	1	HETD	1	0
chr6	26485219	31017113	26501777	28403603	50	0.8	-0.209934	2	NLOH	2	0	2	1	1	1.58585512	-0.392709093	1	2	NEUT	2	0
chr6	31017114	39670942	33630624	39659516	125	0.74359	-0.521691	1	DLOH	1	0	1	1	1	0.970279803	-1.101497321	1	1	HETD	1	0
chr6	39670943	54477466	39682367	54219326	153	0.544444	0.023862	5	GAIN	3	1	2	3	0.583244755	2.24535227	0.108971736	0.626408528	3	GAIN	2	1
chr6	54477467	98525151	54735606	97726878	193	0.694444	-0.154919	2	NLOH	2	0	2	3	0.583244755	1.501026296	-0.472020817	1	2	NEUT	2	0
chr6	98525152	129068647	99323424	128324241	126	0.640825	0.364472	5	GAIN	3	1	2	1	1	3.134974437	0.59048361	0.711874235	3	GAIN	2	1
chr6	129068648	137252044	129813053	137026266	49	0.650794	-0.08017	2	NLOH	2	0	2	1	1	1.88396506	-0.14419786	0.777391424	2	NEUT	2	0
chr6	137252045	146511881	137477823	146268623	47	0.560748	0.438723	5	GAIN	3	1	2	1	1	3.384080317	0.700793741	0.589140588	3	GAIN	2	1
chr6	146511882	146871886	146755140	146755842	3	0.554348	1.514249	24	BCNA	8	4	4	1	1	8.883591711	2.09317302	0.564024284	9	HLAMP	5	4
chr6	146871887	152619038	146987930	152615200	47	0.575	0.343325	5	GAIN	3	1	2	1	1	3.066342293	0.558548684	0.61368604	3	GAIN	2	1
chr6	152619039	152634012	152622876	152629815	4	0.564891	1.324403	24	BCNA	8	4	4	1	1	7.593218609	1.866741475	0.578407748	8	HLAMP	5	3
chr6	152634013	156962208	152638209	155597147	26	0.544004	0.612313	8	BCNA	4	2	2	1	1	4.019007885	0.948869339	0.56132157	4	AMP	2	2
chr6	156962209	161170963	158327269	160872151	59	0.75	-0.386451	1	DLOH	1	0	1	1	1	1.221073156	-0.769820432	1	1	HETD	1	0
chr6	161170964	169341387	161469774	169064933	39	0.783019	-0.032604	2	NLOH	2	0	2	1	1	2.000132113	-0.057874773	1	2	NEUT	2	0
chr6	169341388	170162847	169617840	170159023	18	0.581515	0.693085	8	BCNA	4	2	2	1	1	4.341515803	1.060228767	0.61121181	4	AMP	2	2
chr6	170162848	171115067	170166672	170892100	16	0.742467	-0.436845	1	DLOH	1	0	1	1	1	1.124862458	-0.888221461	1	1	HETD	1	0
chr7	1	39574788	195501	39500521	316	0.592593	0.353292	5	GAIN	3	1	2	3	0.583244755	3.883539719	0.899402152	0.691322672	3	GAIN	2	1
chr7	39574789	39935107	39649055	39649707	4	0.606128	1.563839	23	UBCNA	8	3	5	1	1	9.249569513	2.151416154	0.624275722	9	HLAMP	6	3
chr7	39935108	52195368	40220507	51287470	94	0.587822	0.492207	5	GAIN	3	1	2	1	1	3.571626628	0.778611203	0.626713162	3	GAIN	2	1
chr7	52195369	55729533	53103267	55467923	9	0.575949	1.434644	24	BCNA	8	4	4	1	1	8.321782428	1.998922501	0.590384085	8	HLAMP	5	3
chr7	55729534	82674017	55991144	82583609	97	0.574468	0.199304	5	GAIN	3	1	2	3	0.583244755	3.071163863	0.560815421	0.674875	3	GAIN	2	1
chr7	82674018	82906868	82764425	82784456	4	0.56016	1.370932	23	UBCNA	8	3	5	2	0.778168053	9.574128884	2.201171159	0.576514228	10	HLAMP	6	4
chr7	82906869	100669491	83029280	100663606	190	0.574708	0.282201	5	GAIN	3	1	2	2	0.778168053	3.122545913	0.584752717	0.63697813	3	GAIN	2	1
chr7	100669492	100788951	100675376	100777267	10	0.610965	-0.48236	1	DLOH	1	0	1	2	0.778168053	0.767372024	-1.439971993	0.987323344	1	HETD	1	0
chr7	100788952	131086369	100800635	130357518	206	0.593171	0.381799	5	GAIN	3	1	2	2	0.778168053	3.53175594	0.762415581	0.661832228	3	GAIN	2	1
chr7	131086370	131841335	131815220	131833465	7	0.611111	-0.488243	1	DLOH	1	0	1	1	1	1.030136192	-1.015134982	0.781709835	1	HETD	1	0
chr7	131841336	136247236	131849204	135418626	30	0.609903	0.341154	5	GAIN	3	1	2	1	1	3.059353131	0.555256574	0.666722	3	GAIN	2	1
chr7	136247237	159138663	137075847	158902425	178	0.679642	-0.75588	1	DLOH	1	0	1	1	1	0.587903947	-1.824317699	1	1	HETD	1	0
chr8	1	20830705	566417	20110641	160	0.818182	0.005192	2	NLOH	2	0	2	1	1	2.095208614	0.009123827	1	2	NEUT	2	0
chr8	20830706	39736532	21550768	39695535	181	0.606061	0.404491	5	GAIN	3	1	2	1	1	3.267640997	0.65027942	0.657398537	3	GAIN	2	1
chr8	39736533	45622874	39777529	42404040	38	0.730016	-0.373366	1	DLOH	1	0	1	1	1	1.246609117	-0.7399609	1	1	HETD	1	0
chr8	45622875	59370240	48841708	59329438	10	0.56203	0.088646	5	GAIN	3	1	2	1	1	2.314172545	0.152526367	0.604425494	3	GAIN	2	1
chr8	59370241	63108100	59411042	62556590	15	0.769231	-0.434784	1	DLOH	1	0	1	1	1	1.128731698	-0.883267474	1	1	HETD	1	0
chr8	63108101	68176718	63659610	67380528	19	0.608696	0.223395	5	GAIN	3	1	2	1	1	2.695581687	0.372626561	0.672474561	3	GAIN	2	1
chr8	68176719	71428206	68972907	70744812	15	0.753165	-0.041495	2	NLOH	2	0	2	1	1	1.978126213	-0.07383559	0.955589613	2	NEUT	2	0
chr8	71428207	72979462	72111599	72977703	11	0.583333	0.25078	5	GAIN	3	1	2	1	1	2.777547087	0.415841301	0.630786608	3	GAIN	2	1
chr8	72979463	75267672	72981221	75263057	11	0.602273	0.694363	14	UBCNA	6	2	4	1	1	4.346765128	1.061972075	0.639487182	6	HLAMP	4	2
chr8	75267673	100114396	75272287	99208244	77	0.647059	-0.108834	2	NLOH	2	0	2	3	0.583244755	1.684160422	-0.305940502	1	2	NEUT	2	0
chr8	100114397	124148593	101020548	124142489	117	0.608108	0.37155	5	GAIN	3	1	2	1	1	3.158171563	0.601119477	0.662250183	3	GAIN	2	1
chr8	124148594	139432401	124154697	139190693	96	0.547723	-0.128443	1	DLOH	1	0	1	3	0.583244755	1.605521953	-0.374927677	0.670809034	1	HETD	1	0
chr8	139432402	143772291	139674108	143762724	48	0.560976	0.243004	5	GAIN	3	1	2	3	0.583244755	3.292964114	0.661416721	0.637653726	3	GAIN	2	1
chr8	143772292	143812764	143781858	143808951	5	0.551343	0.986261	24	BCNA	8	4	4	3	0.583244755	8.303038076	1.995669246	0.576948986	8	HLAMP	5	3
chr8	143812765	145412584	143816577	145247168	45	0.586207	0.549427	8	BCNA	4	2	2	3	0.583244755	5.052103051	1.278913998	0.656866022	4	AMP	2	2
chr8	145412585	145834288	145577999	145668481	33	0.760563	-0.201024	2	NLOH	2	0	2	1	1	1.605478052	-0.374967126	1	2	NEUT	2	0
chr8	145834289	146364022	146000095	146076708	10	0.738158	-0.59484	1	DLOH	1	0	1	1	1	0.844114162	-1.302460035	1	1	HETD	1	0
chr9	1	10614790	215269	8524854	83	0.777778	-0.298697	2	NLOH	2	0	2	1	1	1.396845145	-0.575797977	1	2	NEUT	2	0
chr9	10614791	32442076	12704725	32433965	69	0.727273	-0.66957	1	DLOH	1	0	1	1	1	0.721660518	-1.528577837	1	1	HETD	1	0
chr9	32442077	33867553	32450187	33799370	27	0.56391	0.198919	5	GAIN	3	1	2	3	0.583244755	3.06923949	0.559911154	0.650135423	3	GAIN	2	1
chr9	33867554	54938171	33935736	38397355	92	0.6	-0.260756	1	DLOH	1	0	1	3	0.583244755	1.101946642	-0.917915701	0.975782651	1	HETD	1	0
chr9	54938172	72107584	71478986	72082970	18	0.762721	0.690337	12	ALOH	6	0	6	3	0.583244755	5.995311124	1.525864555	0.944180769	6	HLAMP	6	0
chr9	72107585	88768445	72132199	88692255	83	0.753247	0.186701	4	ALOH	3	0	3	3	0.583244755	3.008435369	0.531043295	1	3	GAIN	3	0
chr9	88768446	128160489	88844634	127177736	336	0.591395	-0.259016	1	DLOH	1	0	1	3	0.583244755	1.108273758	-0.909655779	0.932880823	1	HETD	1	0
chr9	128160490	132575218	129143242	132569750	107	0.731343	0.127178	4	ALOH	3	0	3	3	0.583244755	2.719467791	0.38535427	1	3	GAIN	3	0
chr9	132575219	138631444	132580686	138555161	192	0.611735	-0.215215	1	DLOH	1	0	1	3	0.583244755	1.27008617	-0.713043687	0.976030106	1	HETD	1	0
chr9	138631445	141213431	138707727	141016531	79	0.625	0.047426	2	NLOH	2	0	2	3	0.583244755	2.350517884	0.175008589	0.845213401	2	NEUT	2	0
chr10	1	15182141	696237	15106441	85	0.732143	-0.498614	1	DLOH	1	0	1	1	1	1.011428267	-1.041576065	1	1	HETD	1	0
chr10	15182142	26543572	15257841	26505822	81	0.794872	-0.010174	2	NLOH	2	0	2	1	1	2.056254452	-0.017951266	1	2	NEUT	2	0
chr10	26543573	34628520	26581321	34620220	45	0.745902	-0.432302	1	DLOH	1	0	1	1	1	1.133398649	-0.877314681	1	1	HETD	1	0
chr10	34628521	46617702	34636820	46148326	41	0.583333	0.423869	5	GAIN	3	1	2	1	1	3.333215297	0.678944438	0.622875789	3	GAIN	2	1
chr10	46617703	59120022	47087078	58118630	73	0.670213	0.075069	2	NLOH	2	0	2	3	0.583244755	2.476097502	0.250098056	0.954870267	2	NEUT	2	0
chr10	59120023	79559672	60121414	79553688	145	0.754717	-0.55569	1	DLOH	1	0	1	1	1	0.910843055	-1.192695675	1	1	HETD	1	0
chr10	79559673	111994304	79565655	111647738	310	0.823529	-0.069919	2	NLOH	2	0	2	1	1	1.908677598	-0.125396637	1	2	NEUT	2	0
chr10	111994305	123438025	112340871	123279795	116	0.701321	0.202061	4	ALOH	3	0	3	3	0.583244755	3.08495939	0.567281429	0.971553089	3	GAIN	3	0
chr10	123438026	124719892	123596254	124697198	28	0.668663	-0.020615	2	NLOH	2	0	2	3	0.583244755	2.051472983	-0.021309914	1	2	NEUT	2	0
chr10	124719893	125691241	124742586	125602021	10	0.666454	0.923596	22	UBCNA	8	2	6	3	0.583244755	7.774092106	1.900704132	0.755116882	8	HLAMP	6	2
chr10	125691242	127715403	125780460	127706028	25	0.727273	0.581748	7	ASCNA	4	1	3	3	0.583244755	5.260380706	1.337197146	0.906180258	4	AMP	3	1
chr10	127715404	128264490	127724778	128193754	8	0.793243	1.089683	13	ASCNA	6	1	5	1	1	6.215609595	1.577925822	0.867863401	6	HLAMP	5	1
chr10	128264491	128561929	128335225	128335225	1	0.8	-0.055017	2	NLOH	2	0	2	1	1	1.944917131	-0.098261382	1	2	NEUT	2	0
chr10	128561930	129649926	128788633	129536575	9	0.770115	0.965904	13	ASCNA	6	1	5	1	1	5.574521538	1.420877915	0.846754869	6	HLAMP	5	1
chr10	129649927	132960957	129763277	131973459	14	0.682717	0.244862	5	GAIN	3	1	2	1	1	2.759702041	0.406542442	0.787437188	3	GAIN	2	1
chr10	132960958	135534747	133948456	135213263	27	0.722222	0.712946	7	ASCNA	4	1	3	1	1	4.423621661	1.087257933	0.801677273	4	AMP	3	1
chr11	1	2561562	199256	2439767	76	0.577479	0.057686	5	GAIN	3	1	2	3	0.583244755	2.396847554	0.203168084	0.711335938	3	GAIN	2	1
chr11	2561563	6575338	2683357	6565669	111	0.6	-0.192519	1	DLOH	1	0	1	3	0.583244755	1.355883491	-0.618736854	0.905404139	1	HETD	1	0
chr11	6575339	6722681	6585007	6655433	15	0.592105	0.179068	5	GAIN	3	1	2	3	0.583244755	2.970709479	0.512837455	0.720491783	3	GAIN	2	1
chr11	6722682	36382260	6789929	36311014	279	0.6	-0.216408	1	DLOH	1	0	1	3	0.583244755	1.265613522	-0.718133149	0.927187109	1	HETD	1	0
chr11	36382261	39940426	36453506	36459130	2	0.804209	0.976229	20	ALOH	8	0	8	3	0.583244755	8.216807243	1.980607854	0.957517506	8	HLAMP	8	0
chr11	39940427	47620434	43421722	47600438	50	0.55207	0.080369	5	GAIN	3	1	2	3	0.583244755	2.500451029	0.264218282	0.638301614	3	GAIN	2	1
chr11	47620435	65231540	47640429	65168281	238	0.6	-0.137131	1	DLOH	1	0	1	3	0.583244755	1.571020483	-0.406268078	0.863581815	1	HETD	1	0
chr11	65231541	71442500	65294799	71183477	160	0.54951	0.131564	5	GAIN	3	1	2	3	0.583244755	2.740356103	0.396393312	0.624324059	3	GAIN	2	1
chr11	71442501	77195930	71701523	77090518	66	0.613469	-0.202941	1	DLOH	1	0	1	3	0.583244755	1.316317745	-0.661462287	0.970424257	1	HETD	1	0
chr11	77195931	80362743	77301341	77850517	22	0.901724	1.587077	20	ALOH	8	0	8	1	1	9.425444633	2.178590609	0.969136368	9	HLAMP	9	0
chr11	80362744	135006516	82874970	134241094	417	0.666667	-0.926033	1	DLOH	1	0	1	1	1	0.346536327	-2.586891569	1	1	HETD	1	0
chr12	1	40868252	275065	40859588	387	0.55814	0.04447	5	GAIN	3	1	2	3	0.583244755	2.337230905	0.166830203	0.661147939	3	GAIN	2	1
chr12	40868253	43150421	40876916	42481545	32	0.566613	-0.223781	1	DLOH	1	0	1	3	0.583244755	1.238053493	-0.749896417	0.789413866	1	HETD	1	0
chr12	43150422	121440522	43819298	121438844	796	0.55	0.053832	5	GAIN	3	1	2	3	0.583244755	2.379405928	0.192631349	0.637015928	3	GAIN	2	1
chr12	121440523	123233143	121442199	123200334	35	0.548387	-0.208551	1	DLOH	1	0	1	3	0.583244755	1.295138161	-0.684864061	0.703093973	1	HETD	1	0
chr12	123233144	133851895	123265952	133768273	91	0.550725	0.134776	5	GAIN	3	1	2	3	0.583244755	2.755693576	0.404445405	0.626948419	3	GAIN	2	1
chr13	1	33250504	21063524	33232435	126	0.605094	0.254584	5	GAIN	3	1	2	3	0.583244755	3.352873406	0.687427944	0.734889028	3	GAIN	2	1
chr13	33250505	39564332	33268573	39542531	35	0.7	-0.363061	1	DLOH	1	0	1	1	1	1.266883444	-0.716686269	0.949693355	1	HETD	1	0
chr13	39564333	40701984	39586133	40268930	19	0.778409	-0.175865	2	NLOH	2	0	2	1	1	1.661545692	-0.325444101	1	2	NEUT	2	0
chr13	40701985	111274504	41135038	111176616	255	0.741935	-0.400153	1	DLOH	1	0	1	1	1	1.19458018	-0.801466378	1	1	HETD	1	0
chr13	111274505	115169878	111372392	115064542	44	0.73619	-0.265884	2	NLOH	2	0	2	1	1	1.465365285	-0.506709725	0.991124879	2	NEUT	2	0
chr14	1	27674386	20215989	25281843	183	0.54321	-0.026943	5	GAIN	3	1	2	3	0.583244755	2.024371153	-0.040496248	0.631597615	3	GAIN	2	1
chr14	27674387	34809362	30066929	34396100	24	0.57703	-0.234599	1	DLOH	1	0	1	3	0.583244755	1.197870255	-0.797498415	0.843315432	1	HETD	1	0
chr14	34809363	59868481	35222623	59797235	137	0.588235	-0.013477	2	NLOH	2	0	2	3	0.583244755	2.082186931	0.000129525	0.763711299	2	NEUT	2	0
chr14	59868482	59959404	59939727	59953379	5	0.564103	0.741291	15	BCNA	6	3	3	3	0.583244755	6.359706071	1.610990021	0.60584167	6	HLAMP	3	3
chr14	59959405	92190358	59965429	92189366	245	0.568182	-0.177643	1	DLOH	1	0	1	3	0.583244755	1.412855714	-0.559355929	0.768015923	1	HETD	1	0
chr14	92190359	107349540	92191350	105916797	159	0.6	0.169969	5	GAIN	3	1	2	3	0.583244755	2.925997932	0.490958681	0.741521778	3	GAIN	2	1
chr15	1	51843607	22866621	51829995	231	0.731707	-0.479984	1	DLOH	1	0	1	1	1	1.045130839	-0.994286506	1	1	HETD	1	0
chr15	51843608	52410726	51857220	52404862	6	0.755	0.393617	4	ALOH	3	0	3	1	1	3.231227832	0.634112409	0.879820596	3	GAIN	3	0
chr15	52410727	90302576	52416591	90276600	330	0.733333	-0.502416	1	DLOH	1	0	1	1	1	1.004603575	-1.051343755	1	1	HETD	1	0
chr15	90302577	91530058	90328551	91517780	40	0.577304	0.093722	5	GAIN	3	1	2	3	0.583244755	2.562206254	0.299416547	0.702239302	3	GAIN	2	1
chr15	91530059	102531392	91542337	101970091	54	0.560114	0.001301	2	NLOH	2	0	2	3	0.583244755	2.146259907	0.043854725	0.676096003	2	NEUT	2	0
chr16	1	3217679	115041	3142463	131	0.616438	0.214488	5	GAIN	3	1	2	1	1	2.669255925	0.358467567	0.685433088	3	GAIN	2	1
chr16	3217680	8603729	3292896	8587708	77	0.619718	-0.055105	2	NLOH	2	0	2	3	0.583244755	1.905189078	-0.128035885	0.879924812	2	NEUT	2	0
chr16	8603730	28045057	8619750	27974487	182	0.551163	-0.244327	1	DLOH	1	0	1	3	0.583244755	1.161992204	-0.841369679	0.733489619	1	HETD	1	0
chr16	28045058	39262335	28115626	31819168	85	0.537879	0.169162	5	GAIN	3	1	2	3	0.583244755	2.922046015	0.489008828	0.591558535	3	GAIN	2	1
chr16	39262336	62370398	46705502	58327646	151	0.766667	-0.609595	1	DLOH	1	0	1	1	1	0.819431248	-1.345275254	1	1	HETD	1	0
chr16	62370399	70080514	66413150	69970000	41	0.560811	0.191472	5	GAIN	3	1	2	1	1	2.601977104	0.321638199	0.597776137	3	GAIN	2	1
chr16	70080515	71826609	70191029	71724369	34	0.758721	-0.63002	1	DLOH	1	0	1	1	1	0.785677198	-1.405961472	1	1	HETD	1	0
chr16	71826610	72031574	71928850	72020323	18	0.600796	0.150951	5	GAIN	3	1	2	1	1	2.486106019	0.255917752	0.664922466	3	GAIN	2	1
chr16	72031575	72573597	72042825	72162855	23	0.73913	-0.686856	1	DLOH	1	0	1	1	1	0.694227379	-1.5844899	1	1	HETD	1	0
chr16	72573598	74961619	72984340	74937723	23	0.578462	0.102169	5	GAIN	3	1	2	1	1	2.350861556	0.175219511	0.631251308	3	GAIN	2	1
chr16	74961620	76879055	74985516	76532392	20	0.74013	-0.356405	1	DLOH	1	0	1	1	1	1.280055821	-0.701763344	1	1	HETD	1	0
chr16	76879056	79943627	77225718	79245465	23	0.580645	0.407626	5	GAIN	3	1	2	1	1	3.278190069	0.654929435	0.619554618	3	GAIN	2	1
chr16	79943628	83423785	80641789	83065965	49	0.747748	-0.696438	1	DLOH	1	0	1	1	1	0.67916161	-1.616143252	1	1	HETD	1	0
chr16	83423786	84213824	83781604	84213684	21	0.582278	0.250458	5	GAIN	3	1	2	1	1	2.776574249	0.415335907	0.629147259	3	GAIN	2	1
chr16	84213825	84403894	84213965	84351828	15	0.723301	0.872955	13	ASCNA	6	1	5	1	1	5.128006039	1.300427892	0.792175077	6	HLAMP	5	1
chr16	84403895	86202349	84455961	85839211	30	0.5978	0.671872	5	GAIN	3	1	2	1	1	4.255060159	1.03120946	0.634153548	3	GAIN	2	1
chr16	86202350	89097882	86565486	88931914	35	0.76	-0.300379	2	NLOH	2	0	2	1	1	1.393374606	-0.579386892	1	2	NEUT	2	0
chr16	89097883	90354753	89263851	90107043	62	0.727273	-0.542723	1	DLOH	1	0	1	1	1	0.933346768	-1.157484975	1	1	HETD	1	0
chr17	1	18060876	423051	17957348	410	0.840909	0.166933	4	ALOH	3	0	3	1	1	2.531418778	0.281976127	1	3	GAIN	3	0
chr17	18060877	20185313	18164404	19463343	28	0.647509	1.432529	23	UBCNA	8	3	5	1	1	8.307274553	1.996405167	0.675593947	8	HLAMP	5	3
chr17	20185314	23954417	20907282	21217513	16	0.604797	0.60182	8	BCNA	4	2	2	1	1	3.978420908	0.93422585	0.646460118	4	AMP	2	2
chr17	23954418	31969557	26691321	31324673	86	0.538462	0.094114	5	GAIN	3	1	2	3	0.583244755	2.564027834	0.300441855	0.60057842	3	GAIN	2	1
chr17	31969558	38810292	32614442	38715107	89	0.575	-0.209197	1	DLOH	1	0	1	3	0.583244755	1.292704583	-0.687577449	0.815247715	1	HETD	1	0
chr17	38810293	39588098	38905477	39580660	42	0.565233	0.195368	5	GAIN	3	1	2	3	0.583244755	3.051514464	0.55155536	0.653754591	3	GAIN	2	1
chr17	39588099	48353492	39595536	48273903	175	0.565517	-0.15103	1	DLOH	1	0	1	3	0.583244755	1.516255534	-0.457457158	0.744445242	1	HETD	1	0
chr17	48353493	48504744	48433081	48469724	8	0.743252	0.554867	6	ALOH	4	0	4	3	0.583244755	5.086832826	1.288797614	0.941270719	4	AMP	4	0
chr17	48504745	56561372	48539763	56540267	69	0.563107	0.057981	5	GAIN	3	1	2	3	0.583244755	2.398184524	0.2039726	0.672073306	3	GAIN	2	1
chr17	56561373	71412413	56582477	71398170	154	0.576597	-0.162782	1	DLOH	1	0	1	3	0.583244755	1.47036009	-0.501800556	0.792314484	1	HETD	1	0
chr17	71412414	74217810	71426656	74152366	162	0.543535	0.05471	5	GAIN	3	1	2	3	0.583244755	2.383375299	0.195036076	0.619173587	3	GAIN	2	1
chr17	74217811	74298917	74283253	74290097	16	0.550072	-0.293935	1	DLOH	1	0	1	3	0.583244755	0.982747383	-1.083077547	0.761056395	1	HETD	1	0
chr17	74298918	81195210	74307737	81006387	136	0.540492	0.17226	5	GAIN	3	1	2	3	0.583244755	2.937229121	0.49648574	0.597577879	3	GAIN	2	1
chr18	1	1762084	196829	907710	22	0.821214	-0.116133	2	NLOH	2	0	2	1	1	1.798642975	-0.211061224	1	2	NEUT	2	0
chr18	1762085	5171502	2616457	5145609	17	0.642857	0.395365	5	GAIN	3	1	2	1	1	3.237062765	0.63671527	0.712658388	3	GAIN	2	1
chr18	5171503	7407023	5197395	7039943	22	0.612759	0.598202	14	UBCNA	6	2	4	1	1	3.964494766	0.929166952	0.657744963	6	HLAMP	4	2
chr18	7407024	16943355	7774104	14105853	70	0.725111	0.36221	4	ALOH	3	0	3	3	0.583244755	3.933296462	0.917768861	0.962104987	3	GAIN	3	0
chr18	16943356	26601389	19780858	24628305	45	0.621622	0.412015	5	GAIN	3	1	2	1	1	3.292997334	0.661431275	0.680038349	3	GAIN	2	1
chr18	26601390	54789988	28574472	54361837	125	0.82	0.015931	2	NLOH	2	0	2	1	1	2.122680281	0.02791702	1	2	NEUT	2	0
chr18	54789989	78077248	55218139	77894844	132	0.68058	-0.825533	1	DLOH	1	0	1	1	1	0.485646139	-2.099992671	1	1	HETD	1	0
chr19	1	2948778	281360	2917287	87	0.565789	0.522929	8	BCNA	4	2	2	2	0.778168053	4.162183336	0.999370446	0.606927985	4	AMP	2	2
chr19	2948779	8885344	2980269	8808373	242	0.586853	0.29851	5	GAIN	3	1	2	2	0.778168053	3.187634196	0.61451601	0.657767957	3	GAIN	2	1
chr19	8885345	9331234	8962315	9213132	63	0.6	-0.583754	1	DLOH	1	0	1	2	0.778168053	0.538652658	-1.95054289	1	1	HETD	1	0
chr19	9331235	16012573	9449337	16000609	191	0.575	0.272596	5	GAIN	3	1	2	2	0.778168053	3.084555774	0.567092664	0.638283447	3	GAIN	2	1
chr19	16012574	16029945	16024538	16025176	5	0.554252	1.277804	24	BCNA	8	4	4	2	0.778168053	8.812930916	2.081651827	0.570274006	9	HLAMP	5	4
chr19	16029946	32333745	16034714	31768416	165	0.577586	0.277712	5	GAIN	3	1	2	2	0.778168053	3.10475933	0.576511371	0.642625458	3	GAIN	2	1
chr19	32333746	38784831	32899074	38708329	107	0.651613	0.034961	2	NLOH	2	0	2	2	0.778168053	2.220860297	0.093148574	0.829292243	2	NEUT	2	0
chr19	38784832	56799911	38861333	56703248	531	0.6	-0.224822	1	DLOH	1	0	1	3	0.583244755	1.234173605	-0.754424723	0.935522027	1	HETD	1	0
chr19	56799912	59128983	56896574	58718269	50	0.65029	-0.043977	2	NLOH	2	0	2	3	0.583244755	1.952005139	-0.093013217	0.969110632	2	NEUT	2	0
chr20	1	16896968	138125	16359650	160	0.587221	-0.258889	1	DLOH	1	0	1	3	0.583244755	1.108735863	-0.909054359	0.912975375	1	HETD	1	0
chr20	16896969	24731125	17434286	24524429	50	0.666667	0.126029	2	NLOH	2	0	2	3	0.583244755	2.714006171	0.382453932	0.92096098	2	NEUT	2	0
chr20	24731126	33024933	24937822	33012529	97	0.5625	0.407021	5	GAIN	3	1	2	1	1	3.276152498	0.654032444	0.592673769	3	GAIN	2	1
chr20	33024934	34046958	33037336	34025756	43	0.686747	1.254822	22	UBCNA	8	2	6	2	0.778168053	8.632521974	2.051812033	0.743050765	9	HLAMP	7	2
chr20	34046959	36187204	34068160	35812526	26	0.588558	0.268518	5	GAIN	3	1	2	1	1	2.831474597	0.443583518	0.638026504	3	GAIN	2	1
chr20	36187205	36755780	36561882	36718059	7	0.834197	1.998953	21	ASCNA	8	1	7	1	1	13.06235429	2.64937297	0.874663416	13	HLAMP	11	2
chr20	36755781	37521862	36793501	37396120	18	0.808735	-0.425973	1	DLOH	1	0	1	1	1	1.145335589	-0.862199691	1	1	HETD	1	0
chr20	37521863	38628515	37647605	37647605	1	0.777778	1.640771	21	ASCNA	8	1	7	1	1	9.842824221	2.241102262	0.822414668	10	HLAMP	8	2
chr20	38628516	41753262	39609426	41306600	13	0.565217	0.668381	5	GAIN	3	1	2	1	1	4.240953668	1.026418653	0.589539653	3	GAIN	2	1
chr20	41753263	43589158	42199925	43577644	34	0.839621	-0.164987	2	NLOH	2	0	2	1	1	1.68609208	-0.304286742	1	2	NEUT	2	0
chr20	43589159	44618028	43600673	44596545	43	0.573034	0.60957	5	GAIN	3	1	2	1	1	4.008369433	0.945045413	0.601852475	3	GAIN	2	1
chr20	44618029	47602435	44639511	47361725	26	0.583227	0.956673	15	BCNA	6	3	3	1	1	5.528879291	1.409017006	0.60703598	6	HLAMP	3	3
chr20	47602436	47986426	47843146	47843146	1	0.980769	1.186767	20	ALOH	8	0	8	2	0.778168053	8.114839434	1.96259248	1	8	HLAMP	8	0
chr20	47986427	49231886	48129706	49227294	27	0.593023	1.17666	23	UBCNA	8	3	5	2	0.778168053	8.040018726	1.949228793	0.623136052	8	HLAMP	5	3
chr20	49231887	49728777	49236478	49236478	1	0.56015	0.692166	3	HET	2	1	1	NA	NA	4.337743927	1.058974819	0.58208236	2	NEUT	1	1
chr20	49728778	53869572	50221076	52782438	11	0.721311	1.420374	22	UBCNA	8	2	6	1	1	8.224308241	1.981924268	0.763872534	8	HLAMP	6	2
chr20	53869573	55838531	54956707	55759048	19	0.727273	-0.404305	1	DLOH	1	0	1	1	1	1.186601788	-0.811134207	1	1	HETD	1	0
chr20	55838532	57384397	55918014	57290347	29	0.573394	0.38757	5	GAIN	3	1	2	1	1	3.21109701	0.625096182	0.609545039	3	GAIN	2	1
chr20	57384398	57743107	57478448	57610059	5	0.776786	-0.125285	2	NLOH	2	0	2	1	1	1.777267264	-0.228309419	1	2	NEUT	2	0
chr20	57743108	59237421	57876155	58644995	6	0.719772	1.338693	22	UBCNA	8	2	6	1	1	7.684548037	1.883990342	0.76500628	8	HLAMP	6	2
chr20	59237422	62816714	59829847	62737318	87	0.633333	0.173672	5	GAIN	3	1	2	1	1	2.550676409	0.292909815	0.716012137	3	GAIN	2	1
chr20	62816715	63025520	62896110	62904542	2	0.699606	1.270936	18	UBCNA	7	2	5	1	1	7.259416587	1.80188354	0.743095611	7	HLAMP	5	2
chr21	1	48129895	15481365	47858248	344	0.558017	0.113592	5	GAIN	3	1	2	3	0.583244755	2.655166052	0.35083202	0.648498725	3	GAIN	2	1
chr22	1	31422974	17288988	31354653	213	0.741935	-0.558852	1	DLOH	1	0	1	1	1	0.905386136	-1.201364949	1	1	HETD	1	0
chr22	31422975	31749050	31491295	31678958	9	0.5625	0.0904	3	HET	2	1	1	NA	NA	2.318911903	0.155477944	0.605129419	2	NEUT	1	1
chr22	31749051	32155661	31819142	32112461	22	0.746795	-0.661888	1	DLOH	1	0	1	1	1	0.73395786	-1.50420093	1	1	HETD	1	0
chr22	32155662	36656715	32198862	36629077	43	0.580247	0.192775	5	GAIN	3	1	2	1	1	2.605757352	0.323732678	0.628955918	3	GAIN	2	1
chr22	36656716	37558454	36684354	37538328	30	0.666667	0.512074	7	ASCNA	4	1	3	1	1	3.643082171	0.807189467	0.739026291	4	AMP	3	1
chr22	37558455	38043413	37578579	38025375	16	0.774023	-0.562526	1	DLOH	1	0	1	1	1	0.89906062	-1.211479769	1	1	HETD	1	0
chr22	38043414	38295403	38061450	38282897	18	0.665533	0.697799	7	ASCNA	4	1	3	1	1	4.360901415	1.066656308	0.725570413	4	AMP	3	1
chr22	38295404	38356559	38307909	38343143	6	0.782549	-0.498823	1	DLOH	1	0	1	1	1	1.011052639	-1.042111958	1	1	HETD	1	0
chr22	38356560	41145439	38369976	41075695	35	0.537313	0.34992	5	GAIN	3	1	2	1	1	3.087638379	0.568533727	0.556426815	3	GAIN	2	1
chr22	41145440	42156701	41215183	42016699	6	0.564634	0.956855	15	BCNA	6	3	3	1	1	5.529776363	1.409251067	0.583121029	6	HLAMP	3	3
chr22	42156702	44896242	42296703	44594476	51	0.622581	0.775859	8	BCNA	4	2	2	1	1	4.691293779	1.17201578	0.66390898	4	AMP	2	2
chr22	44896243	51304566	45198009	51065361	49	0.792899	0.072977	2	NLOH	2	0	2	1	1	2.272089132	0.126049363	0.996793812	2	NEUT	2	0
chrX	1	55523669	2847017	55289593	129	0.607843	0.333329	5	GAIN	3	1	2	1	1	3.034248981	0.543369405	0.664058282	3	HLAMP	2	1
chrX	55523670	135382502	55757744	135338312	153	0.792683	-0.178213	2	NLOH	2	0	2	1	1	1.656271634	-0.33003077	1	2	NEUT	2	0
chrX	135382503	135804931	135426693	135496398	10	0.780073	-1.031191	1	DLOH	1	0	1	1	1	0.210990005	-3.302723507	1	1	HETD	1	0
chrX	135804932	152790848	136113464	152774031	26	0.781108	-0.093603	2	NLOH	2	0	2	1	1	1.85184621	-0.169005777	1	2	NEUT	2	0
chrX	152790849	155270560	152807665	153760508	22	0.816684	0.246717	4	ALOH	3	0	3	1	1	2.765287705	0.40945952	0.99781778	3	HLAMP	3	0
chrY	1	59373566	Fill_In	Fill_In	Fill_In	Fill_In	Fill_In	Fill_In	NA	1	0	1	Fill_In	Fill_In	Fill_In	Fill_In	Fill_In	Fill_In	NA	1	0