Chromosome	Start	End	Start.snp	End.snp	Length.snp.	Median_Ratio	Median_logR	TITAN_state	TITAN_call	Copy_Number	MinorCN	MajorCN	Clonal_Cluster	Cellular_Prevalence	logR_Copy_Number	Corrected_logR	Corrected_Ratio	Corrected_Copy_Number	Corrected_Call	Corrected_MajorCN	Corrected_MinorCN
chr1	1	27055714	894573	26900708	290	0.593976	0.398484	5	GAIN	3	1	2	1	1	3.318546566	0.680223965	0.646381981	3	GAIN	2	1
chr1	27055715	145089925	27210721	145075923	427	0.6	-0.05969	3	HET	2	1	1	NA	NA	1.912058715	-0.115200728	0.696785566	2	NEUT	1	1
chr1	145089926	145520500	145103928	145507826	5	0.75	0.895975	13	ASCNA	6	1	5	1	1	5.446973579	1.395127316	0.834936929	6	HLAMP	5	1
chr1	145520501	148515362	145533175	147124310	12	0.816667	0.146789	2	NLOH	2	0	2	1	1	2.491013431	0.266405247	1	2	NEUT	2	0
chr1	148515363	152137517	149906413	152083325	21	0.631579	0.374414	5	GAIN	3	1	2	1	1	3.233019756	0.64255477	0.706895484	3	GAIN	2	1
chr1	152137518	153252329	152191709	153234295	36	0.650581	-0.421463	1	DLOH	1	0	1	1	1	1.07753036	-0.942599036	0.909195266	1	HETD	1	0
chr1	153252330	172088466	153270362	171765964	239	0.633333	0.359955	5	GAIN	3	1	2	1	1	3.182325118	0.61975368	0.710869273	3	GAIN	2	1
chr1	172088467	205521650	172410967	205353492	167	0.769231	0.08636	2	NLOH	2	0	2	1	1	2.312915866	0.159385235	0.984646548	2	NEUT	2	0
chr1	205521651	212379356	205689807	211846876	44	0.680195	0.264914	5	GAIN	3	1	2	1	1	2.861454398	0.466421062	0.796733044	3	GAIN	2	1
chr1	212379357	216861464	212911836	216051157	15	0.642857	-0.692117	1	DLOH	1	0	1	1	1	0.576655711	-1.844545424	1	1	HETD	1	0
chr1	216861465	226065079	217671771	226055595	26	0.701993	0.227547	5	GAIN	3	1	2	1	1	2.740975346	0.404361798	0.838370589	3	GAIN	2	1
chr1	226065080	229191649	226074563	228645063	24	0.596875	-0.659901	1	DLOH	1	0	1	1	1	0.631467006	-1.713548293	0.880779887	1	HETD	1	0
chr1	229191650	244576507	229738236	244528127	51	0.555556	-0.258218	3	HET	2	1	1	NA	NA	1.428328896	-0.535999332	0.627536451	2	NEUT	1	1
chr1	244576508	249250621	244624887	249110906	23	0.6	-0.620462	1	DLOH	1	0	1	1	1	0.700255213	-1.56437483	0.864274626	1	HETD	1	0
chr2	1	1510301	234130	1499927	8	0.679977	0.136319	3	HET	2	1	1	NA	NA	2.459619331	0.248107497	0.815390177	2	NEUT	1	1
chr2	1510302	31708352	1520676	31611029	190	0.594916	0.352852	5	GAIN	3	1	2	1	1	3.157606806	0.60850398	0.650543968	3	GAIN	2	1
chr2	31708353	32140408	31805675	31805706	2	0.63961	-1.191801	0	HOMD	0	0	0	1	1	0.015625	-7.050327554	1	0	HOMD	0	0
chr2	32140409	48705024	32475109	48602252	77	0.6	0.390122	5	GAIN	3	1	2	1	1	3.288672371	0.667177735	0.656271852	3	GAIN	2	1
chr2	48705025	100134756	48807796	100058870	193	0.611111	-0.039458	3	HET	2	1	1	NA	NA	1.965196998	-0.075653613	0.715742579	2	NEUT	1	1
chr2	100134757	104516787	100210642	103378857	28	0.759615	-0.272812	1	DLOH	1	0	1	1	1	1.395327173	-0.569724113	1	1	HETD	1	0
chr2	104516788	134624334	105654716	133554288	79	0.592593	0.093054	3	HET	2	1	1	NA	NA	2.33227915	0.171412921	0.666062899	2	NEUT	1	1
chr2	134624335	147966802	135694379	143798189	31	0.580645	0.335294	5	GAIN	3	1	2	1	1	3.097024971	0.580555462	0.628833627	3	GAIN	2	1
chr2	147966803	160486067	152135415	160086692	18	0.741667	-0.327445	1	DLOH	1	0	1	1	1	1.274706506	-0.70016244	1	1	HETD	1	0
chr2	160486068	167622367	160885442	167144995	15	0.628571	0.57872	5	GAIN	3	1	2	1	1	4.006400451	0.951979076	0.687959244	3	GAIN	2	1
chr2	167622368	168903249	168099738	168115769	12	0.69375	-1.165663	0	HOMD	0	0	0	1	1	0.015625	-7.050327554	1	0	HOMD	0	0
chr2	168903250	169912820	169690729	169814655	6	0.75	-0.370982	1	DLOH	1	0	1	1	1	1.181801387	-0.809339956	1	1	HETD	1	0
chr2	169912821	170117262	170010985	170059190	7	0.603175	0.922918	11	UBCNA	5	2	3	1	1	5.584539653	1.431110807	0.637364985	5	HLAMP	3	2
chr2	170117263	171001401	170175334	170493103	5	0.608696	-0.814053	1	DLOH	1	0	1	1	1	0.379935748	-2.446500187	1	1	HETD	1	0
chr2	171001402	175069670	171509700	174820750	15	0.625	-0.057416	3	HET	2	1	1	NA	NA	1.917994152	-0.110729232	0.745607565	2	NEUT	1	1
chr2	175069671	182384956	175318590	182374567	29	0.6	0.447813	5	GAIN	3	1	2	1	1	3.498347632	0.756346104	0.652899169	3	GAIN	2	1
chr2	182384957	187090929	182395345	186678633	18	0.666667	-0.394701	1	DLOH	1	0	1	1	1	1.132354051	-0.87100244	0.939049497	1	HETD	1	0
chr2	187090930	199410912	187503226	198001319	17	0.590909	0.504278	5	GAIN	3	1	2	1	1	3.711848395	0.841810233	0.636233025	3	GAIN	2	1
chr2	199410913	219081053	200820505	218940259	79	0.76	-0.238053	2	NLOH	2	0	2	1	1	1.474481259	-0.490120069	1	2	NEUT	2	0
chr2	219081054	221413474	219221846	220506522	55	0.678571	0.678439	7	ASCNA	4	1	3	1	1	4.425554874	1.095530797	0.753242524	4	AMP	3	1
chr2	221413475	232759887	222320427	232196597	42	0.80602	-0.289006	2	NLOH	2	0	2	1	1	1.359095967	-0.607680224	1	2	NEUT	2	0
chr2	232759888	237595616	233323177	236957822	38	0.758378	-0.481622	1	DLOH	1	0	1	1	1	0.957940972	-1.112318888	1	1	HETD	1	0
chr2	237595617	238348507	238233410	238269871	8	0.58	0.931428	14	UBCNA	6	2	4	1	1	5.628526768	1.442429802	0.606303108	6	HLAMP	4	2
chr2	238348508	239669861	238427142	239335851	11	0.628205	0.740563	7	ASCNA	4	1	3	1	1	4.701715941	1.182859826	0.678666527	4	AMP	3	1
chr2	239669862	243199373	240003870	242606036	29	0.75	-0.374643	1	DLOH	1	0	1	1	1	1.174116093	-0.818752489	1	1	HETD	1	0
chr3	1	4198309	361508	3887876	11	0.684211	-0.309947	1	DLOH	1	0	1	1	1	1.312843146	-0.657632995	0.94387667	1	HETD	1	0
chr3	4198310	10272090	4508742	10268017	29	0.5625	0.377449	5	GAIN	3	1	2	1	1	3.243725426	0.64732415	0.598157242	3	GAIN	2	1
chr3	10272091	14944473	10276163	14939679	44	0.571429	-0.049555	3	HET	2	1	1	NA	NA	1.93858461	-0.095323851	0.639616007	2	NEUT	1	1
chr3	14944474	20018045	14949268	19992588	23	0.59375	0.527962	5	GAIN	3	1	2	1	1	3.803917927	0.877158566	0.639359148	3	GAIN	2	1
chr3	20018046	51061785	20043502	49884913	156	0.576974	0.134824	3	HET	2	1	1	NA	NA	2.455155161	0.24548665	0.634993894	2	NEUT	1	1
chr3	51061786	72435543	52238656	71759717	80	0.575113	0.202852	5	GAIN	3	1	2	1	1	2.663049012	0.362751428	0.627310267	3	GAIN	2	1
chr3	72435544	97847056	73111368	97806616	23	0.583333	0.099069	3	HET	2	1	1	NA	NA	2.349755138	0.182182872	0.648963577	2	NEUT	1	1
chr3	97847057	98028647	97887495	97983981	7	0.583333	-1.161133	0	HOMD	0	0	0	1	1	0.015625	-7.050327554	1	0	HOMD	0	0
chr3	98028648	105341681	98073313	105260518	23	0.555556	0.396265	5	GAIN	3	1	2	1	1	3.310602051	0.676766049	0.586611306	3	GAIN	2	1
chr3	105341682	106755662	105422844	105439026	3	0.55	1.01467	15	BCNA	6	3	3	1	1	6.072756978	1.552024082	0.565236876	6	HLAMP	3	3
chr3	106755663	170457399	108072298	170198967	284	0.573593	0.159367	3	HET	2	1	1	NA	NA	2.529030834	0.288257073	0.627444053	2	NEUT	1	1
chr3	170457400	172104845	170715830	172046861	14	0.567251	0.713008	11	UBCNA	5	2	3	1	1	4.577756487	1.144313167	0.594437787	5	HLAMP	3	2
chr3	172104846	198022430	172162829	196746629	130	0.58114	0.100372	3	HET	2	1	1	NA	NA	2.353550487	0.184511248	0.644940385	2	NEUT	1	1
chr4	1	38906952	155713	38880046	169	0.625	-0.099088	3	HET	2	1	1	NA	NA	1.810696147	-0.193783086	0.752754513	2	NEUT	1	1
chr4	38906953	44654636	38933859	44626806	21	0.575758	0.546313	5	GAIN	3	1	2	1	1	3.876302425	0.904353579	0.611925848	3	GAIN	2	1
chr4	44654637	78402516	44682465	77817874	74	0.575188	0.066035	3	HET	2	1	1	NA	NA	2.254670647	0.122589152	0.636901082	2	NEUT	1	1
chr4	78402517	79618227	78987157	79403747	13	0.608696	0.444215	5	GAIN	3	1	2	1	1	3.485024287	0.750841157	0.666415103	3	GAIN	2	1
chr4	79618228	169407916	79832706	169382991	140	0.75	-0.504989	1	DLOH	1	0	1	1	1	0.912818139	-1.181928188	1	1	HETD	1	0
chr4	169407917	170811022	169432841	170634408	9	0.833333	-0.137341	2	NLOH	2	0	2	1	1	1.714892836	-0.272209128	1	2	NEUT	2	0
chr4	170811023	191154276	170987636	190862287	61	0.785714	-0.59009	1	DLOH	1	0	1	1	1	0.754525683	-1.456685639	1	1	HETD	1	0
chr5	1	15623611	226160	14769103	71	0.677419	-0.060452	2	NLOH	2	0	2	1	1	1.910071887	-0.116700617	0.849313599	2	NEUT	2	0
chr5	15623612	92030112	16478120	90016871	219	0.583333	0.030653	3	HET	2	1	1	NA	NA	2.155213806	0.057503444	0.654887751	2	NEUT	1	1
chr5	92030113	96433721	94043353	96364063	44	0.5937	0.392955	5	GAIN	3	1	2	1	1	3.298774197	0.671602474	0.64626526	3	GAIN	2	1
chr5	96433722	140154977	96503378	140081791	112	0.6	-0.022652	3	HET	2	1	1	NA	NA	2.009907211	-0.043198654	0.692073745	2	NEUT	1	1
chr5	140154978	140827452	140228164	140798639	25	0.621622	-0.674644	1	DLOH	1	0	1	1	1	0.606231784	-1.772386155	0.992888065	1	HETD	1	0
chr5	140827453	173753222	140856265	172395664	167	0.611111	-0.212297	3	HET	2	1	1	NA	NA	1.534375926	-0.432675563	0.745120966	2	NEUT	1	1
chr5	173753223	180915260	175110779	180626927	45	0.583333	-0.611557	1	DLOH	1	0	1	1	1	0.716048978	-1.532197376	0.798703444	1	HETD	1	0
chr6	1	31017021	564515	28403225	166	0.8	-0.050408	2	NLOH	2	0	2	1	1	1.936344901	-0.096991606	1	2	NEUT	2	0
chr6	31017022	39492297	33630816	39325078	64	0.727273	-0.414363	1	DLOH	1	0	1	1	1	1.091976201	-0.92338614	1	1	HETD	1	0
chr6	39492298	70930732	39659516	70916998	119	0.586207	0.071007	3	HET	2	1	1	NA	NA	2.268843152	0.131629324	0.656522307	2	NEUT	1	1
chr6	70930733	83300126	70944465	82933309	26	0.766968	-0.540074	1	DLOH	1	0	1	1	1	0.846425041	-1.290873339	1	1	HETD	1	0
chr6	83300127	94157751	83666943	91256928	33	0.823529	-0.183123	2	NLOH	2	0	2	1	1	1.603523213	-0.369082315	1	2	NEUT	2	0
chr6	94157752	103270457	97058574	101296389	7	0.714286	-0.585734	1	DLOH	1	0	1	1	1	0.762403344	-1.441701201	1	1	HETD	1	0
chr6	103270458	147000145	105244526	146993445	123	0.625	0.509785	5	GAIN	3	1	2	1	1	3.733121723	0.850054997	0.68696546	3	GAIN	2	1
chr6	147000146	151993336	147006845	151857594	17	0.568627	0.71765	11	UBCNA	5	2	3	1	1	4.598473599	1.150827504	0.596245058	5	HLAMP	3	2
chr6	151993337	152287782	152129077	152129077	1	0.521739	-0.701838	1	DLOH	1	0	1	1	1	0.560355658	-1.885912852	0.593532912	1	HETD	1	0
chr6	152287783	152836326	152446487	152629617	12	0.562655	1.135694	15	BCNA	6	3	3	1	1	6.766101796	1.707997329	0.579791772	6	HLAMP	3	3
chr6	152836327	156963956	153043035	155597147	16	0.56456	0.520464	8	BCNA	4	2	2	1	1	3.774606419	0.865998668	0.596212183	4	AMP	2	2
chr6	156963957	167447313	158330765	167344583	50	0.833333	-0.135001	2	NLOH	2	0	2	1	1	1.720680626	-0.267348209	1	2	NEUT	2	0
chr6	167447314	169040233	167550042	168462626	7	0.785714	-0.897732	1	DLOH	1	0	1	1	1	0.254241198	-3.026057819	1	1	HETD	1	0
chr6	169040234	170385122	169617840	170143300	9	0.547945	0.616534	8	BCNA	4	2	2	1	1	4.161945829	1.006930634	0.569263602	4	AMP	2	2
chr6	170385123	171115067	170626943	170878793	10	0.75	-0.922487	1	DLOH	1	0	1	1	1	0.218432676	-3.245066962	1	1	HETD	1	0
chr7	1	5096344	195501	4959807	31	0.571429	0.138138	3	HET	2	1	1	NA	NA	2.465057229	0.251293587	0.625053022	2	NEUT	1	1
chr7	5096345	7529951	5232881	7514331	18	0.681567	0.752208	7	ASCNA	4	1	3	1	1	4.754818262	1.199062646	0.7522337	4	AMP	3	1
chr7	7529952	48299702	7545571	48287840	182	0.620345	0.477582	5	GAIN	3	1	2	1	1	3.609865943	0.801617708	0.682039833	3	GAIN	2	1
chr7	48299703	71551181	48311563	70252185	39	0.636364	0.01613	3	HET	2	1	1	NA	NA	2.115091294	0.030392382	0.755675534	2	NEUT	1	1
chr7	71551182	93573599	72850178	93116299	101	0.611111	0.34158	5	GAIN	3	1	2	1	1	3.118629401	0.590584568	0.677044344	3	GAIN	2	1
chr7	93573600	94108538	94030899	94043274	6	0.651087	0.953196	15	BCNA	6	3	3	1	1	5.742230634	1.471283723	0.699779075	6	HLAMP	3	3
chr7	94108539	111449477	94173803	111386365	108	0.606553	0.384993	5	GAIN	3	1	2	1	1	3.270433928	0.659154515	0.666846725	3	GAIN	2	1
chr7	111449478	117529647	111512589	117235055	16	0.591667	0.20022	3	HET	2	1	1	NA	NA	2.654821989	0.358287575	0.655565318	2	NEUT	1	1
chr7	117529648	127878068	117824239	127721507	26	0.633971	0.338835	5	GAIN	3	1	2	1	1	3.109183498	0.586208211	0.713711006	3	GAIN	2	1
chr7	127878069	136503433	128034629	135406176	51	0.6	0.603948	8	BCNA	4	2	2	1	1	4.10972084	0.988712846	0.645029746	4	AMP	2	2
chr7	136503434	139120680	137600690	139102490	12	0.763926	-0.176168	2	NLOH	2	0	2	1	1	1.620215171	-0.354142132	1	2	NEUT	2	0
chr7	139120681	159138663	139138871	158896517	63	0.692308	-0.804336	1	DLOH	1	0	1	1	1	0.395009786	-2.390367252	1	1	HETD	1	0
chr8	1	13759891	665858	13424583	53	0.806452	-0.14842	2	NLOH	2	0	2	1	1	1.687616959	-0.295340063	1	2	NEUT	2	0
chr8	13759892	21797366	14095199	21766900	31	0.842105	0.297366	4	ALOH	3	0	3	1	1	2.968648429	0.519478694	1	3	GAIN	3	0
chr8	21797367	21909051	21827833	21862551	6	0.652328	1.090515	14	UBCNA	6	2	4	1	1	6.500445197	1.650210974	0.695693909	6	HLAMP	4	2
chr8	21909052	23359054	21955552	23294412	40	0.645503	0.858388	10	ASCNA	5	1	4	1	1	5.259302956	1.34454405	0.696701304	5	HLAMP	4	1
chr8	23359055	27937937	23423697	27925204	43	0.641509	0.529001	5	GAIN	3	1	2	1	1	3.807991662	0.878702766	0.710279137	3	GAIN	2	1
chr8	27937938	27962706	27950670	27957556	3	0.652174	1.394429	22	UBCNA	8	2	6	1	1	8.458672828	2.030103768	0.685466779	8	HLAMP	5	3
chr8	27962707	38612659	27967856	38133793	32	0.577381	0.559718	5	GAIN	3	1	2	1	1	3.929762682	0.924114637	0.613821123	3	GAIN	2	1
chr8	38612660	65228109	39091526	63938764	31	0.684211	-0.179559	2	NLOH	2	0	2	1	1	1.612066739	-0.361416082	0.895678855	2	NEUT	2	0
chr8	65228110	66842336	66517454	66691934	5	0.724138	0.881852	10	ASCNA	5	1	4	1	1	5.375883871	1.37617442	0.801295373	5	HLAMP	4	1
chr8	66842337	102993252	66992737	102678972	69	0.62069	0.01924	3	HET	2	1	1	NA	NA	2.1236493	0.036217985	0.725862042	2	NEUT	1	1
chr8	102993253	103345285	103307533	103317265	4	0.597594	1.142947	18	UBCNA	7	2	5	1	1	6.809530431	1.717227763	0.624116702	7	HLAMP	5	2
chr8	103345286	134383332	103373304	134292516	100	0.581989	0.381484	5	GAIN	3	1	2	1	1	3.257993418	0.653656136	0.628560176	3	GAIN	2	1
chr8	134383333	145340491	134474148	145059425	59	0.5625	0.051186	3	HET	2	1	1	NA	NA	2.212633712	0.095437088	0.614773588	2	NEUT	1	1
chr8	145340492	146364022	145621556	146076708	18	0.777473	-0.698899	1	DLOH	1	0	1	1	1	0.565272159	-1.873310006	1	1	HETD	1	0
chr9	1	29816367	215269	27206825	66	0.785714	-0.391766	1	DLOH	1	0	1	1	1	1.138428705	-0.86328361	1	1	HETD	1	0
chr9	29816368	55118231	32425910	38396065	76	0.62069	-0.050328	3	HET	2	1	1	NA	NA	1.9365549	-0.096835152	0.736022921	2	NEUT	1	1
chr9	55118232	71956674	71840396	71865932	8	0.820856	0.831835	10	ASCNA	5	1	4	1	1	5.129641157	1.308530352	0.936609731	5	HLAMP	4	1
chr9	71956675	90174609	72047415	88692255	59	0.78125	0.490083	4	ALOH	3	0	3	1	1	3.65738662	0.820485587	0.923559364	3	GAIN	3	0
chr9	90174610	103759492	91656963	103348634	59	0.615385	-0.114805	3	HET	2	1	1	NA	NA	1.771025791	-0.225742332	0.735954174	2	NEUT	1	1
chr9	103759493	107541907	104170350	107533175	26	0.609903	-0.547945	1	DLOH	1	0	1	1	1	0.831750799	-1.316104301	0.854430742	1	HETD	1	0
chr9	107541908	129654893	107550639	129455587	110	0.617216	-0.057115	3	HET	2	1	1	NA	NA	1.918780503	-0.110137868	0.730266742	2	NEUT	1	1
chr9	129654894	132254731	129854199	131940019	54	0.72318	0.516458	7	ASCNA	4	1	3	1	1	3.759008315	0.860024553	0.833053714	4	AMP	3	1
chr9	132254732	141213431	132569442	141016262	135	0.625	-0.125523	3	HET	2	1	1	NA	NA	1.744219903	-0.247745614	0.757623533	2	NEUT	1	1
chr10	1	11945465	1034412	11912431	28	0.787594	-0.32229	1	DLOH	1	0	1	1	1	1.285893733	-0.687556131	1	1	HETD	1	0
chr10	11945466	25111252	11978499	24908686	58	0.844952	0.337988	4	ALOH	3	0	3	1	1	3.106272487	0.584856837	1	3	GAIN	3	0
chr10	25111253	30236485	25313818	29843833	17	0.764706	-0.426082	1	DLOH	1	0	1	1	1	1.068170522	-0.955185578	1	1	HETD	1	0
chr10	30236486	34119891	30629136	33619562	7	0.818182	-0.152102	2	NLOH	2	0	2	1	1	1.678598357	-0.30307048	1	2	NEUT	2	0
chr10	34119892	45710072	34620220	45496120	20	0.564583	0.29032	5	GAIN	3	1	2	1	1	2.945169027	0.508022881	0.605163726	3	GAIN	2	1
chr10	45710073	55052126	45924023	54528266	37	0.666667	-0.280997	2	NLOH	2	0	2	1	1	1.376963856	-0.588836863	0.890662294	2	NEUT	2	0
chr10	55052127	73390979	55575987	73326757	49	0.780488	-0.539583	1	DLOH	1	0	1	1	1	0.847343089	-1.289309414	1	1	HETD	1	0
chr10	73390980	100666323	73455201	100195583	137	0.818182	-0.022026	2	NLOH	2	0	2	1	1	2.011582686	-0.041996512	1	2	NEUT	2	0
chr10	100666324	115088273	101137063	114849353	77	0.84375	0.273396	4	ALOH	3	0	3	1	1	2.889239438	0.480362215	1	3	GAIN	3	0
chr10	115088274	119358130	115327193	118645834	48	0.662602	0.321961	5	GAIN	3	1	2	1	1	3.051511017	0.559196246	0.761212408	3	GAIN	2	1
chr10	119358131	123458268	120070427	123243197	20	0.661905	0.5805	7	ASCNA	4	1	3	1	1	4.013631285	0.954580535	0.736555824	4	AMP	3	1
chr10	123458269	124719995	123673339	124697198	18	0.618056	-0.2197	3	HET	2	1	1	NA	NA	1.517050872	-0.449058089	0.76206835	2	NEUT	1	1
chr10	124719996	127624695	124742792	127524612	21	0.698413	0.483857	7	ASCNA	4	1	3	1	1	3.633667944	0.811099034	0.79946309	4	AMP	3	1
chr10	127624696	128170434	127724778	128147884	3	0.76	1.496411	22	UBCNA	8	2	6	1	1	9.213794829	2.153467919	0.812221174	9	HLAMP	7	2
chr10	128170435	129804590	128192985	129763277	10	0.791182	1.044395	13	ASCNA	6	1	5	1	1	6.237701582	1.590686981	0.877569667	6	HLAMP	5	1
chr10	129804591	135534747	129845903	135160950	23	0.692308	0.528316	5	GAIN	3	1	2	1	1	3.805305569	0.877684754	0.785831259	3	GAIN	2	1
chr11	1	35097634	206089	34969112	276	0.582364	-0.123759	3	HET	2	1	1	NA	NA	1.748618016	-0.244112386	0.669531441	2	NEUT	1	1
chr11	35097635	49195233	35226155	48387275	54	0.579159	0.263357	5	GAIN	3	1	2	1	1	2.856371754	0.463856203	0.63044483	3	GAIN	2	1
chr11	49195234	56855755	50003191	56756664	24	0.595789	-0.44972	1	DLOH	1	0	1	1	1	1.020737297	-1.020715941	0.769454469	1	HETD	1	0
chr11	56855756	65592802	56954846	65562257	132	0.585784	-0.004549	3	HET	2	1	1	NA	NA	2.058654183	-0.00862605	0.662898263	2	NEUT	1	1
chr11	65592803	77195776	65623347	77090211	134	0.602083	0.279609	5	GAIN	3	1	2	1	1	2.90969567	0.490540714	0.667008854	3	GAIN	2	1
chr11	77195777	81653610	77301341	77850517	14	0.869749	2.009147	20	ALOH	8	0	8	1	1	13.93556158	2.750371683	0.918850454	14	HLAMP	13	1
chr11	81653611	113252347	85456703	113234679	49	0.692308	-0.82677	1	DLOH	1	0	1	1	1	0.360360557	-2.522814538	1	1	HETD	1	0
chr11	113252348	116720098	113270015	116707684	14	0.63961	-1.091785	0	HOMD	0	0	0	1	1	0.015625	-7.050327554	1	0	HOMD	0	0
chr11	116720099	119122376	116732512	119059404	45	0.653846	-0.711276	1	DLOH	1	0	1	1	1	0.54463487	-1.926966295	1	1	HETD	1	0
chr11	119122377	123949013	119185347	123909695	24	0.666667	-1.08998	0	HOMD	0	0	0	1	1	0.015625	-7.050327554	1	0	HOMD	0	0
chr11	123949014	124241983	123988331	124189729	11	0.615385	-0.760415	1	DLOH	1	0	1	1	1	0.464425677	-2.156807909	1	1	HETD	1	0
chr11	124241984	124902428	124294236	124857708	10	0.721362	-1.188521	0	HOMD	0	0	0	1	1	0.015625	-7.050327554	1	0	HOMD	0	0
chr11	124902429	135006516	124947149	134073913	30	0.692308	-0.771901	1	DLOH	1	0	1	1	1	0.446067827	-2.214992552	1	1	HETD	1	0
chr12	1	4896215	275065	4873163	40	0.545455	0.251463	5	GAIN	3	1	2	1	1	2.817725651	0.444203596	0.575308467	3	GAIN	2	1
chr12	4896216	74715905	4919267	72969198	453	0.578947	0.05145	3	HET	2	1	1	NA	NA	2.213377314	0.095921854	0.644954304	2	NEUT	1	1
chr12	74715906	109442239	76462612	109278747	102	0.58477	0.266493	5	GAIN	3	1	2	1	1	2.866614465	0.469020334	0.639494867	3	GAIN	2	1
chr12	109442240	133851895	109605730	133697131	161	0.589744	0.102564	3	HET	2	1	1	NA	NA	2.359943034	0.188424481	0.660118564	2	NEUT	1	1
chr13	1	26703449	21063524	26155953	39	0.636364	0.004148	3	HET	2	1	1	NA	NA	2.0822915	0.007844492	0.757554903	2	NEUT	1	1
chr13	26703450	32132190	27250945	31903834	19	0.564516	0.490479	5	GAIN	3	1	2	1	1	3.658898693	0.821081918	0.597146886	3	GAIN	2	1
chr13	32132191	46137272	32360547	46103935	51	0.789474	-0.038391	2	NLOH	2	0	2	1	1	1.968020158	-0.073582556	1	2	NEUT	2	0
chr13	46137273	103337325	46170609	103286280	71	0.75	-0.432391	1	DLOH	1	0	1	1	1	1.055434429	-0.972490603	1	1	HETD	1	0
chr13	103337326	103424965	103388370	103400729	7	0.785714	-1.317441	0	HOMD	0	0	0	1	1	0.015625	-7.050327554	1	0	HOMD	0	0
chr13	103424966	113973302	103449202	113793849	30	0.75431	-0.490931	1	DLOH	1	0	1	1	1	0.939877203	-1.139783371	1	1	HETD	1	0
chr13	113973303	115169878	114152755	114780764	8	0.777473	-0.235568	2	NLOH	2	0	2	1	1	1.480213544	-0.484522232	1	2	NEUT	2	0
chr14	1	68874797	20215989	68053802	253	0.583333	-0.017832	3	HET	2	1	1	NA	NA	2.022826606	-0.033954894	0.659570769	2	NEUT	1	1
chr14	68874798	93687317	69695792	93286047	106	0.583333	0.204804	5	GAIN	3	1	2	1	1	2.669160214	0.366058351	0.641109894	3	GAIN	2	1
chr14	93687318	96432322	94088587	96157187	26	0.6	-0.057899	3	HET	2	1	1	NA	NA	1.916732676	-0.111678413	0.696549554	2	NEUT	1	1
chr14	96432323	107349540	96707457	105722726	55	0.596154	0.312186	5	GAIN	3	1	2	1	1	3.018408986	0.543460747	0.655106345	3	GAIN	2	1
chr15	1	34333120	22960868	34137292	30	0.766968	-0.569573	1	DLOH	1	0	1	1	1	0.791838604	-1.387049244	1	1	HETD	1	0
chr15	34333121	40505781	34528948	40453497	23	0.774194	-0.177725	2	NLOH	2	0	2	1	1	1.616471386	-0.357479584	1	2	NEUT	2	0
chr15	40505782	49962868	40558064	49716478	25	0.810811	-0.602997	1	DLOH	1	0	1	1	1	0.731323028	-1.501746857	1	1	HETD	1	0
chr15	49962869	64781813	50209258	64455123	58	0.75	-0.221719	2	NLOH	2	0	2	1	1	1.512341266	-0.453543827	1	2	NEUT	2	0
chr15	64781814	89442716	65108504	89436295	109	0.733333	-0.436601	1	DLOH	1	0	1	1	1	1.046966556	-0.984112195	1	1	HETD	1	0
chr15	89442717	102531392	89449137	101968084	54	0.570109	0.076036	3	HET	2	1	1	NA	NA	2.283227906	0.140747319	0.626933592	2	NEUT	1	1
chr16	1	39215206	322934	31724836	285	0.591549	-0.017176	3	HET	2	1	1	NA	NA	2.02458827	-0.032699009	0.675230355	2	NEUT	1	1
chr16	39215207	62953021	46705576	58327646	67	0.75	-0.349936	1	DLOH	1	0	1	1	1	1.226362174	-0.75594245	1	1	HETD	1	0
chr16	62953022	70135739	67578396	69967897	26	0.571429	0.389452	5	GAIN	3	1	2	1	1	3.286286204	0.666130577	0.611652606	3	GAIN	2	1
chr16	70135740	71823608	70303580	71718366	14	0.789091	-0.404231	1	DLOH	1	0	1	1	1	1.112714532	-0.896244038	1	1	HETD	1	0
chr16	71823609	72038803	71928850	72020323	13	0.621622	0.312791	5	GAIN	3	1	2	1	1	3.020451252	0.544436549	0.696138445	3	GAIN	2	1
chr16	72038804	72570591	72057282	72156842	11	0.735849	-0.31131	1	DLOH	1	0	1	1	1	1.309855867	-0.660919483	1	1	HETD	1	0
chr16	72570592	75445623	72984340	75327916	17	0.606061	0.492512	5	GAIN	3	1	2	1	1	3.666667972	0.824142078	0.659590841	3	GAIN	2	1
chr16	75445624	76488529	75563330	75748191	5	0.73913	-0.923641	1	DLOH	1	0	1	1	1	0.216778337	-3.256035052	1	1	HETD	1	0
chr16	76488530	79943685	77228866	79245465	14	0.583591	0.19992	5	GAIN	3	1	2	1	1	2.653885211	0.357778417	0.641880349	3	GAIN	2	1
chr16	79943686	83530116	80641906	83065664	27	0.714286	-0.761654	1	DLOH	1	0	1	1	1	0.462438368	-2.162994547	1	1	HETD	1	0
chr16	83530117	84211218	83994569	84209864	12	0.607692	0.306917	5	GAIN	3	1	2	1	1	3.000658873	0.534951763	0.674108905	3	GAIN	2	1
chr16	84211219	84550106	84212571	84476224	23	0.72093	0.76609	7	ASCNA	4	1	3	1	1	4.818684119	1.218311677	0.805777305	4	AMP	3	1
chr16	84550107	85067921	84623989	85023855	8	0.658333	1.272655	24	BCNA	8	4	4	1	1	7.624208001	1.880259925	0.696764605	8	HLAMP	6	2
chr16	85067922	86189784	85111987	85813526	7	0.617021	0.612788	7	ASCNA	4	1	3	1	1	4.146354336	1.001515857	0.669249699	4	AMP	3	1
chr16	86189785	89777223	86566042	89764549	33	0.777778	-0.44074	1	DLOH	1	0	1	1	1	1.038665545	-0.995596379	1	1	HETD	1	0
chr16	89777224	90354753	89789898	90102835	18	0.717143	-0.141836	2	NLOH	2	0	2	1	1	1.70380114	-0.281570593	0.952994556	2	NEUT	2	0
chr17	1	1695670	423051	1687796	30	0.888112	0.581508	6	ALOH	4	0	4	1	1	4.017730009	0.956053065	1	4	AMP	4	0
chr17	1695671	14028882	1703543	12915009	236	0.864251	0.429261	4	ALOH	3	0	3	1	1	3.430004493	0.727882913	1	3	GAIN	3	0
chr17	14028883	17786982	15142755	17409560	14	0.889659	0.756374	6	ALOH	4	0	4	1	1	4.773919963	1.204846826	1	4	AMP	4	0
chr17	17786983	20182549	18164404	19454733	26	0.584997	1.666502	24	BCNA	8	4	4	1	1	10.59827609	2.355430157	0.599838582	11	HLAMP	7	4
chr17	20182550	21212656	20910364	21207916	7	0.666667	0.942084	13	ASCNA	6	1	5	1	1	5.683973411	1.456572252	0.720930699	6	HLAMP	5	1
chr17	21212657	42690011	21217397	42454463	189	0.588235	0.085628	3	HET	2	1	1	NA	NA	2.310803904	0.158067283	0.6588976	2	NEUT	1	1
chr17	42690012	48435707	42925559	48433958	63	0.583333	0.296614	5	GAIN	3	1	2	1	1	2.966137068	0.518257714	0.635325131	3	GAIN	2	1
chr17	48435708	48504744	48437456	48469724	4	0.77906	1.015795	13	ASCNA	6	1	5	1	1	6.078937944	1.553491738	0.864013582	6	HLAMP	5	1
chr17	48504745	75210480	48539763	74942478	247	0.56	0.038873	3	HET	2	1	1	NA	NA	2.178102737	0.072744452	0.610978225	2	NEUT	1	1
chr17	75210481	81195210	75478481	81006387	82	0.555556	0.343057	5	GAIN	3	1	2	1	1	3.123719392	0.592937307	0.58846925	3	GAIN	2	1
chr18	1	3005964	214959	2885118	17	0.796296	0.031987	2	NLOH	2	0	2	1	1	2.158919525	0.059981914	1	2	NEUT	2	0
chr18	3005965	5171502	3126811	5145609	4	0.622507	1.010769	14	UBCNA	6	2	4	1	1	6.051361429	1.546932201	0.659971473	6	HLAMP	4	2
chr18	5171503	8523113	5197395	8248041	16	0.621345	0.454836	5	GAIN	3	1	2	1	1	3.524449628	0.767070433	0.685060104	3	GAIN	2	1
chr18	8523114	16832712	8798185	13884566	42	0.75	0.141883	2	NLOH	2	0	2	1	1	2.476274513	0.257843703	0.936832764	2	NEUT	2	0
chr18	16832713	26311376	19780858	24035788	23	0.655172	0.664464	7	ASCNA	4	1	3	1	1	4.365052981	1.075671611	0.720958329	4	AMP	3	1
chr18	26311377	32754129	28586964	32459704	17	0.833333	-0.46375	1	DLOH	1	0	1	1	1	0.992949325	-1.060535557	1	1	HETD	1	0
chr18	32754130	54788600	33048554	54359062	49	0.8	-0.028594	2	NLOH	2	0	2	1	1	1.994039727	-0.054633401	1	2	NEUT	2	0
chr18	54788601	56010717	55218139	55816791	7	0.6	-0.499877	1	DLOH	1	0	1	1	1	0.922627305	-1.166507659	0.800579024	1	HETD	1	0
chr18	56010718	56226331	56204644	56205481	8	0.683333	-1.119811	0	HOMD	0	0	0	1	1	0.015625	-7.050327554	1	0	HOMD	0	0
chr18	56226332	65600717	56247180	63530140	23	0.72	-0.908543	1	DLOH	1	0	1	1	1	0.238527305	-3.118101225	1	1	HETD	1	0
chr18	65600718	77437269	67671294	77171061	17	0.73913	-1.035155	0	HOMD	0	0	0	1	1	0.06299909	-5.038852765	1	0	HOMD	0	0
chr18	77437270	78077248	77703476	77894844	6	0.674359	-0.582319	1	DLOH	1	0	1	1	1	0.768595897	-1.430030374	1	1	HETD	1	0
chr19	1	5364903	281360	5274384	108	0.594172	0.317612	5	GAIN	3	1	2	1	1	3.036755878	0.552203383	0.651560349	3	GAIN	2	1
chr19	5364904	5973600	5455422	5905141	15	0.576923	-0.301304	3	HET	2	1	1	NA	NA	1.331851789	-0.636894008	0.683806861	2	NEUT	1	1
chr19	5973601	8739152	6042059	8669931	91	0.6	0.317705	5	GAIN	3	1	2	1	1	3.03707094	0.552353054	0.660933606	3	GAIN	2	1
chr19	8739153	9331234	8808373	9213132	52	0.607692	-0.388758	1	DLOH	1	0	1	1	1	1.144667285	-0.855399236	0.781798902	1	HETD	1	0
chr19	9331235	14654014	9449337	14590236	103	0.588235	0.367192	5	GAIN	3	1	2	1	1	3.207635223	0.631182532	0.639140855	3	GAIN	2	1
chr19	14654015	16155114	14717791	16034714	42	0.590414	0.024995	3	HET	2	1	1	NA	NA	2.139534477	0.046969373	0.668617864	2	NEUT	1	1
chr19	16155115	19897748	16275515	19751456	85	0.6	0.374029	5	GAIN	3	1	2	1	1	3.231663314	0.641949348	0.657264531	3	GAIN	2	1
chr19	19897749	20097058	20044041	20044041	1	0.636364	-0.994037	0	HOMD	0	0	0	1	1	0.118322795	-4.129527617	1	0	HOMD	0	0
chr19	20097059	20439512	20150075	20150247	4	0.653125	1.047503	14	UBCNA	6	2	4	1	1	6.255144998	1.594715774	0.69842733	6	HLAMP	4	2
chr19	20439513	50501984	20728777	50492860	295	0.628571	-0.16886	3	HET	2	1	1	NA	NA	1.637841242	-0.338532032	0.773843375	2	NEUT	1	1
chr19	50501985	53355975	50511108	53344701	62	0.6	-0.444409	1	DLOH	1	0	1	1	1	1.031327032	-1.005825672	0.779438411	1	HETD	1	0
chr19	53355976	53411090	53367249	53367392	2	0.539474	0.764948	11	UBCNA	5	2	3	1	1	4.813406978	1.216730856	0.554650456	5	HLAMP	3	2
chr19	53411091	59128983	53454789	58718269	75	0.631579	-0.448975	1	DLOH	1	0	1	1	1	1.022220421	-1.018621236	0.86978563	1	HETD	1	0
chr20	1	18268118	139409	18142924	110	0.574176	-0.179865	3	HET	2	1	1	NA	NA	1.611332375	-0.362073439	0.659366289	2	NEUT	1	1
chr20	18268119	30599515	18393312	30452782	44	0.632997	0.375443	5	GAIN	3	1	2	1	1	3.236646931	0.644172444	0.709039841	3	GAIN	2	1
chr20	30599516	31540484	30746248	31531544	18	0.572368	0.966756	15	BCNA	6	3	3	1	1	5.813932633	1.489186801	0.595403009	6	HLAMP	3	3
chr20	31540485	32650935	31549424	32264533	29	0.545455	0.546233	8	BCNA	4	2	2	1	1	3.875984868	0.904235385	0.567157582	4	AMP	2	2
chr20	32650936	33649929	33037336	33642732	19	0.685714	1.266563	22	UBCNA	8	2	6	1	1	7.584283544	1.872685348	0.731028991	8	HLAMP	6	2
chr20	33649930	33680366	33657126	33657126	1	0.588235	-0.027822	3	HET	2	1	1	NA	NA	1.996097579	-0.053145305	0.670038322	2	NEUT	1	1
chr20	33680367	34106503	33703607	34096725	18	0.669697	1.428208	22	UBCNA	8	2	6	1	1	8.702900188	2.071168697	0.705781607	9	HLAMP	6	3
chr20	34106504	36174677	34116282	35787473	16	0.538462	0.696558	8	BCNA	4	2	2	1	1	4.504874956	1.121159508	0.55426214	4	AMP	2	2
chr20	36174678	36755780	36561882	36718059	6	0.881818	2.04274	21	ASCNA	8	1	7	1	1	14.30745353	2.788367462	0.93120423	14	HLAMP	13	1
chr20	36755781	38628515	36793501	37647605	10	0.833333	-0.182432	2	NLOH	2	0	2	1	1	1.605178011	-0.367594256	1	2	NEUT	2	0
chr20	38628516	40552033	39609426	39797465	5	0.567568	1.04112	15	BCNA	6	3	3	1	1	6.219361508	1.586438925	0.587673139	6	HLAMP	3	3
chr20	40552034	43597961	41306600	43566787	18	0.892396	0.084463	2	NLOH	2	0	2	1	1	2.30744486	0.15596862	1	2	NEUT	2	0
chr20	43597962	43866503	43629135	43851375	5	0.59375	0.514061	5	GAIN	3	1	2	1	1	3.749695842	0.856446022	0.640018674	3	GAIN	2	1
chr20	43866504	44618028	43881630	44596545	26	0.596875	0.840899	11	UBCNA	5	2	3	1	1	5.173633853	1.320850402	0.631526963	5	HLAMP	3	2
chr20	44618029	45804572	44639511	45717954	9	0.615385	0.675504	8	BCNA	4	2	2	1	1	4.412799732	1.091366721	0.663774034	4	AMP	2	2
chr20	45804573	46784807	45891189	46313135	5	0.591549	1.479509	24	BCNA	8	4	4	1	1	9.084925496	2.13314713	0.610197506	9	HLAMP	5	4
chr20	46784808	47602435	47256479	47361725	8	0.541958	0.862943	11	UBCNA	5	2	3	1	1	5.281786413	1.350698409	0.556658962	5	HLAMP	3	2
chr20	47602436	49202692	47843146	49191228	17	0.597938	1.593746	24	BCNA	8	4	4	1	1	9.986039247	2.269585023	0.616087714	10	HLAMP	6	4
chr20	49202693	49231886	49214156	49227294	2	0.554906	0.729915	11	UBCNA	5	2	3	1	1	4.653533764	1.167999121	0.576740777	5	HLAMP	3	2
chr20	49231887	53761466	49236478	52561469	7	0.720497	1.629029	22	UBCNA	8	2	6	1	1	10.27908856	2.311312889	0.760194202	10	HLAMP	8	2
chr20	53761467	55844268	54961463	55758655	13	0.8	-0.386624	1	DLOH	1	0	1	1	1	1.149101086	-0.849821837	1	1	HETD	1	0
chr20	55844269	57966507	55929881	57610059	27	0.580645	0.091457	3	HET	2	1	1	NA	NA	2.327651452	0.168547488	0.644761723	2	NEUT	1	1
chr20	57966508	59237421	58322956	58644995	4	0.809091	1.505726	21	ASCNA	8	1	7	1	1	9.285465036	2.164646612	0.870692958	9	HLAMP	8	1
chr20	59237422	63025520	59829847	62904542	50	0.653846	-0.150318	3	HET	2	1	1	NA	NA	1.68296517	-0.299322234	0.823015824	2	NEUT	1	1
chr21	1	48129895	15884949	47858248	198	0.576923	0.250376	5	GAIN	3	1	2	1	1	2.814209624	0.442402242	0.627506816	3	GAIN	2	1
chr22	1	32155661	17288988	32112461	122	0.75	-0.514702	1	DLOH	1	0	1	1	1	0.89427583	-1.211535765	1	1	HETD	1	0
chr22	32155662	36541258	32198862	36537500	27	0.630435	0.48048	5	GAIN	3	1	2	1	1	3.62084562	0.805999113	0.697099703	3	GAIN	2	1
chr22	36541259	37234387	36545016	37196971	14	0.663312	1.094167	18	UBCNA	7	2	5	1	1	6.521611582	1.654900965	0.709654023	7	HLAMP	5	2
chr22	37234388	37556182	37271802	37533786	11	0.666667	0.525254	7	ASCNA	4	1	3	1	1	3.793314117	0.87313129	0.74797675	4	AMP	3	1
chr22	37556183	38011665	37578579	37902177	9	0.77551	-0.63904	1	DLOH	1	0	1	1	1	0.667617747	-1.633233342	1	1	HETD	1	0
chr22	38011666	38295594	38121152	38282897	13	0.666667	0.954885	14	UBCNA	6	2	4	1	1	5.751124957	1.47351663	0.720297103	6	HLAMP	4	2
chr22	38295595	38418880	38308291	38369976	4	0.671154	-0.376898	1	DLOH	1	0	1	1	1	1.169392017	-0.824568905	0.942010178	1	HETD	1	0
chr22	38418881	41631826	38467784	41246952	24	0.606875	0.476378	5	GAIN	3	1	2	1	1	3.605310819	0.799796088	0.661733665	3	GAIN	2	1
chr22	41631827	43515179	42016699	43471386	24	0.641711	1.243719	18	UBCNA	7	2	5	1	1	7.436065805	1.844211984	0.676978295	7	HLAMP	5	2
chr22	43515180	44421075	43558972	44282307	15	0.615385	0.645257	7	ASCNA	4	1	3	1	1	4.282850713	1.048243837	0.66524224	4	AMP	3	1
chr22	44421076	44896242	44559842	44594476	3	0.545455	1.168314	19	UBCNA	7	3	4	1	1	6.963148589	1.749412256	0.557535581	7	HLAMP	4	3
chr22	44896243	51304566	45198009	51065361	30	0.818182	-0.217514	2	NLOH	2	0	2	1	1	1.522157466	-0.444209941	1	2	NEUT	2	0
chrX	1	60358317	2942109	55289593	74	0.617262	0.324345	5	GAIN	3	1	2	1	1	3.059618265	0.563024112	0.688187412	3	HLAMP	2	1
chrX	60358318	80950560	65427040	77381014	16	0.807292	-0.15292	2	NLOH	2	0	2	1	1	1.67659789	-0.304790834	1	2	NEUT	2	0
chrX	80950561	114721150	84520105	111914244	29	0.782609	-0.558659	1	DLOH	1	0	1	1	1	0.811904454	-1.35094569	1	1	HETD	1	0
chrX	114721151	129797378	117528056	129186012	25	0.864865	-0.098166	2	NLOH	2	0	2	1	1	1.81303676	-0.191919377	1	2	NEUT	2	0
chrX	129797379	144545807	130408745	141290865	28	0.842105	-0.691193	1	DLOH	1	0	1	1	1	0.578210787	-1.840660125	1	1	HETD	1	0
chrX	144545808	155270560	147800748	153760508	28	0.833333	0.009996	2	NLOH	2	0	2	1	1	2.098265915	0.01886997	1	2	NEUT	2	0
chrY	1	59373566	Fill_In	Fill_In	Fill_In	Fill_In	Fill_In	Fill_In	NA	1	0	1	Fill_In	Fill_In	Fill_In	Fill_In	Fill_In	Fill_In	NA	1	0