Chromosome	Start	End	Start.snp	End.snp	Length.snp.	Median_Ratio	Median_logR	TITAN_state	TITAN_call	Copy_Number	MinorCN	MajorCN	Clonal_Cluster	Cellular_Prevalence	logR_Copy_Number	Corrected_logR	Corrected_Ratio	Corrected_Copy_Number	Corrected_Call	Corrected_MajorCN	Corrected_MinorCN
chr1	1	6561186	894573	6530435	60	0.545455	-0.065216	3	HET	2	1	1	NA	NA	1.927649825	-0.12766244	0.590948277	2	NEUT	1	1
chr1	6561187	9757727	6591937	9324571	31	0.555556	0.315758	5	GAIN	3	1	2	1	1	3.093291847	0.55463752	0.590206043	3	GAIN	2	1
chr1	9757728	10466487	10190884	10459779	15	0.545455	0.772575	11	UBCNA	5	2	3	1	1	4.964249132	1.237070083	0.563120332	5	HLAMP	3	2
chr1	10466488	18734559	10473196	18661583	116	0.568733	0.351596	5	GAIN	3	1	2	1	1	3.219619989	0.612384981	0.609919453	3	GAIN	2	1
chr1	18734560	19115737	18807536	19029546	8	0.591848	-0.380017	1	DLOH	1	0	1	1	1	1.171545903	-0.846091953	0.743101036	1	HETD	1	0
chr1	19115738	27055714	19201928	26900708	114	0.586957	0.344723	5	GAIN	3	1	2	1	1	3.195148996	0.601377772	0.639462783	3	GAIN	2	1
chr1	27055715	62242806	27210721	62232130	258	0.605662	-0.083155	3	HET	2	1	1	NA	NA	1.879988363	-0.163781705	0.714093976	2	NEUT	1	1
chr1	62242807	63365666	62253483	62740065	15	0.641509	-0.753205	1	DLOH	1	0	1	1	1	0.464790235	-2.179853771	1	1	HETD	1	0
chr1	63365667	132675233	63991267	120469077	289	0.615385	-0.096399	3	HET	2	1	1	NA	NA	1.845179205	-0.190744498	0.736028661	2	NEUT	1	1
chr1	132675234	144970835	144881389	144946768	4	0.6041	0.709303	7	ASCNA	4	1	3	1	1	4.668454953	1.148439726	0.647120085	4	AMP	3	1
chr1	144970836	145089925	144994902	145075923	3	0.744444	-0.355079	2	NLOH	2	0	2	1	1	1.22561168	-0.781003485	1	2	NEUT	2	0
chr1	145089926	145520500	145103928	145507826	5	0.711679	1.018894	18	UBCNA	7	2	5	1	1	6.247662698	1.56881113	0.7770453	7	HLAMP	5	2
chr1	145520501	146114076	145533175	145594220	5	0.625	0.631605	8	BCNA	4	2	2	1	1	4.322525547	1.037369054	0.680791257	4	AMP	2	2
chr1	146114077	148518939	146633933	147131465	10	0.761456	0.249835	2	NLOH	2	0	2	1	1	2.868953577	0.446019188	0.937276211	2	NEUT	2	0
chr1	148518940	152137517	149906413	152083325	31	0.659574	0.569787	7	ASCNA	4	1	3	1	1	4.060300555	0.947081088	0.735396422	4	AMP	3	1
chr1	152137518	153252329	152191709	153234295	39	0.681818	-0.316293	1	DLOH	1	0	1	1	1	1.311579301	-0.683200397	0.949263951	1	HETD	1	0
chr1	153252330	157008315	153270362	156954267	112	0.66067	0.503391	7	ASCNA	4	1	3	1	1	3.790894087	0.848032714	0.742438654	4	AMP	3	1
chr1	157008316	159814058	157062364	159785425	48	0.644958	0.208829	5	GAIN	3	1	2	1	1	2.734492611	0.376767727	0.747230563	3	GAIN	2	1
chr1	159814059	161215703	159842691	161202605	48	0.628374	0.58776	7	ASCNA	4	1	3	1	1	4.135384998	0.973516212	0.688264071	4	AMP	3	1
chr1	161215704	169793842	161228800	169768080	66	0.649324	0.529724	5	GAIN	3	1	2	1	1	3.896260953	0.887584869	0.723263291	3	GAIN	2	1
chr1	169793843	170174569	169819605	169847683	7	0.55	1.120922	19	UBCNA	7	3	4	1	1	6.846877682	1.700940803	0.564088707	7	HLAMP	4	3
chr1	170174570	175239464	170501456	175130204	37	0.76	0.303238	4	ALOH	3	0	3	1	1	3.049893593	0.534253473	0.924468362	3	GAIN	3	0
chr1	175239465	178182131	175348723	177930894	25	0.857143	-0.328879	2	NLOH	2	0	2	1	1	1.283429234	-0.714501686	1	2	NEUT	2	0
chr1	178182132	184502106	178433368	183909934	59	0.833333	0.379028	4	ALOH	3	0	3	1	1	3.318459885	0.656008398	1	3	GAIN	3	0
chr1	184502107	201070050	185094277	201060865	49	0.727273	0.116749	2	NLOH	2	0	2	1	1	2.446128116	0.215994531	0.906524315	2	NEUT	2	0
chr1	201070051	204369400	201079235	204237416	56	0.694991	0.300973	5	GAIN	3	1	2	1	1	3.042082542	0.530553862	0.818653288	3	GAIN	2	1
chr1	204369401	205537652	204501383	205385498	18	0.704174	0.025986	2	NLOH	2	0	2	1	1	2.179342377	0.049387427	0.884919993	2	NEUT	2	0
chr1	205537653	212368230	205689807	212220847	57	0.670455	0.297596	5	GAIN	3	1	2	1	1	3.03045941	0.525031083	0.7789713	3	GAIN	2	1
chr1	212368231	217131887	212515613	216592003	23	0.612903	-0.725673	1	DLOH	1	0	1	1	1	0.510916621	-2.043345662	1	1	HETD	1	0
chr1	217131888	226065079	217671771	226055595	35	0.696429	0.314993	5	GAIN	3	1	2	1	1	3.0906293	0.553395187	0.819046482	3	GAIN	2	1
chr1	226065080	229191649	226074563	228645063	30	0.564583	-0.638734	1	DLOH	1	0	1	1	1	0.662487241	-1.668540862	0.752659443	1	HETD	1	0
chr1	229191650	236164852	229738236	236154365	41	0.548387	-0.230044	3	HET	2	1	1	NA	NA	1.511236613	-0.478775876	0.610158754	2	NEUT	1	1
chr1	236164853	249250621	236175339	249110906	66	0.573593	-0.538196	1	DLOH	1	0	1	1	1	0.849542917	-1.3097467	0.740719335	1	HETD	1	0
chr2	1	5413910	234130	3800496	30	0.58631	0.224859	3	HET	2	1	1	NA	NA	2.786601366	0.404001198	0.646065788	2	NEUT	1	1
chr2	5413911	21031752	7027323	20838222	83	0.588235	0.370378	5	GAIN	3	1	2	1	1	3.287090067	0.642305551	0.640022267	3	GAIN	2	1
chr2	21031753	24213409	21225281	24181159	8	0.556511	-0.271108	3	HET	2	1	1	NA	NA	1.414688585	-0.574020929	0.633577538	2	NEUT	1	1
chr2	24213410	27611476	24245659	27361246	86	0.565942	0.394705	5	GAIN	3	1	2	1	1	3.375795161	0.680721929	0.603627973	3	GAIN	2	1
chr2	27611477	28860359	27861707	28854958	19	0.547619	0.592865	8	BCNA	4	2	2	1	1	4.156882902	0.980996672	0.569719708	4	AMP	2	2
chr2	28860360	32670315	28865760	32475109	40	0.571455	0.147219	3	HET	2	1	1	NA	NA	2.539520199	0.270050512	0.625739352	2	NEUT	1	1
chr2	32670316	37829305	32865521	37480249	27	0.595506	0.58774	8	BCNA	4	2	2	1	1	4.135300924	0.973486881	0.640063133	4	AMP	2	2
chr2	37829306	40836585	38178362	39507417	11	0.547945	-0.114852	3	HET	2	1	1	NA	NA	1.797208965	-0.228747273	0.599413137	2	NEUT	1	1
chr2	40836586	58807414	42165754	56607046	105	0.588235	0.378475	5	GAIN	3	1	2	1	1	3.316448759	0.655133799	0.639563823	3	GAIN	2	1
chr2	58807415	100134756	61007782	100058870	229	0.585366	-0.052688	3	HET	2	1	1	NA	NA	1.961288213	-0.10270388	0.669338526	2	NEUT	1	1
chr2	100134757	104516787	100210642	103378857	35	0.685714	-0.439956	1	DLOH	1	0	1	1	1	1.045357082	-1.010509602	1	1	HETD	1	0
chr2	104516788	134624334	105654716	133554288	91	0.571429	0.089747	3	HET	2	1	1	NA	NA	2.364998128	0.167333606	0.629697988	2	NEUT	1	1
chr2	134624335	147061803	135694379	143798189	42	0.561125	0.273243	5	GAIN	3	1	2	1	1	2.947440725	0.484957364	0.601134903	3	GAIN	2	1
chr2	147061804	160499939	150325416	160114437	30	0.719192	-0.384773	1	DLOH	1	0	1	1	1	1.16134055	-0.858714349	1	1	HETD	1	0
chr2	160499940	167543506	160885442	167327064	31	0.6	0.358581	5	GAIN	3	1	2	1	1	3.244609486	0.623539413	0.659460872	3	GAIN	2	1
chr2	167543507	169912820	167759948	169814655	23	0.780488	-0.893863	1	DLOH	1	0	1	1	1	0.242394534	-3.119076366	1	1	HETD	1	0
chr2	169912821	170117262	170010985	170059190	7	0.661538	0.631942	7	ASCNA	4	1	3	1	1	4.323986079	1.037856442	0.733612912	4	AMP	3	1
chr2	170117263	170768542	170175334	170665108	10	0.715719	-0.699151	1	DLOH	1	0	1	1	1	0.556191093	-1.92085289	1	1	HETD	1	0
chr2	170768543	177601358	170871976	176844644	29	0.647059	-0.04913	3	HET	2	1	1	NA	NA	1.970895026	-0.095654499	0.791012365	2	NEUT	1	1
chr2	177601359	182999007	178358072	182413259	41	0.585859	0.357449	5	GAIN	3	1	2	1	1	3.24055143	0.621733895	0.636975442	3	GAIN	2	1
chr2	182999008	199410912	183584755	198001319	47	0.595745	-0.033228	3	HET	2	1	1	NA	NA	2.014122138	-0.064354264	0.687456544	2	NEUT	1	1
chr2	199410913	216215299	200820505	216200907	74	0.727273	-0.412698	1	DLOH	1	0	1	1	1	1.102093462	-0.934258861	1	1	HETD	1	0
chr2	216215300	219081053	216229692	218940259	27	0.622951	0.011297	3	HET	2	1	1	NA	NA	2.137722178	0.021568934	0.733913059	2	NEUT	1	1
chr2	219081054	220371341	219221846	220362557	50	0.610799	0.562663	8	BCNA	4	2	2	1	1	4.030797061	0.936559713	0.663831074	4	AMP	2	2
chr2	220371342	220390038	220380125	220380125	1	0.6	-1.557159	0	HOMD	0	0	0	1	1	0.015625	-7.074505436	1	0	HOMD	0	0
chr2	220390039	221403940	220399951	220506522	14	0.6	0.392269	5	GAIN	3	1	2	1	1	3.366845076	0.676891901	0.657302105	3	GAIN	2	1
chr2	221403941	237595616	222301357	236957822	111	0.738095	-0.360073	1	DLOH	1	0	1	1	1	1.214709683	-0.793893887	1	1	HETD	1	0
chr2	237595617	239669861	238233410	239335851	19	0.616667	0.756392	7	ASCNA	4	1	3	1	1	4.887355182	1.214548518	0.662721051	4	AMP	3	1
chr2	239669862	243199373	240003870	242758179	46	0.759615	-0.464833	1	DLOH	1	0	1	1	1	0.994503978	-1.082456389	1	1	HETD	1	0
chr3	1	7341266	361508	7188116	24	0.613872	-0.266977	3	HET	2	1	1	NA	NA	1.424277376	-0.5642753	0.76811877	2	NEUT	1	1
chr3	7341267	13118417	7494417	12875443	57	0.571429	0.277686	5	GAIN	3	1	2	1	1	2.962482461	0.492301176	0.617946085	3	GAIN	2	1
chr3	13118418	76037220	13361391	74474166	372	0.560303	0.141135	3	HET	2	1	1	NA	NA	2.520714498	0.259327288	0.606456959	2	NEUT	1	1
chr3	76037221	81847411	77600273	77684222	3	0.914894	2.710414	2	NLOH	2	0	2	1	1	24.48197018	3.539142322	0.947589237	24	HLAMP	23	1
chr3	81847412	87733578	86010600	86010600	1	0.65	1.428857	23	UBCNA	8	3	5	1	1	8.935026859	2.08496663	0.682388371	9	HLAMP	6	3
chr3	87733579	170798727	89456555	170797252	461	0.555556	0.148194	3	HET	2	1	1	NA	NA	2.542541313	0.27176578	0.597711734	2	NEUT	1	1
chr3	170798728	172111764	170800202	172060700	16	0.561952	0.494257	8	BCNA	4	2	2	1	1	3.754792931	0.834227912	0.593783935	4	AMP	2	2
chr3	172111765	198022430	172162829	196746629	161	0.575	0.048911	3	HET	2	1	1	NA	NA	2.245151397	0.092307297	0.639447984	2	NEUT	1	1
chr4	1	79625285	155713	79417863	360	0.583333	-0.047771	3	HET	2	1	1	NA	NA	1.974570664	-0.092966438	0.664754302	2	NEUT	1	1
chr4	79625286	191154276	79832706	190862287	330	0.737469	-0.520568	1	DLOH	1	0	1	1	1	0.883704995	-1.252868693	1	1	HETD	1	0
chr5	1	92013761	224418	90021499	412	0.577465	0.059145	3	HET	2	1	1	NA	NA	2.274868657	0.111277815	0.643161601	2	NEUT	1	1
chr5	92013762	99075159	94006023	96518792	57	0.559322	0.374005	5	GAIN	3	1	2	1	1	3.300220736	0.648057086	0.594000995	3	GAIN	2	1
chr5	99075160	140154977	101631526	140081791	149	0.590909	0.033075	3	HET	2	1	1	NA	NA	2.199580646	0.062723061	0.670646148	2	NEUT	1	1
chr5	140154978	140281538	140228164	140255792	7	0.547945	-1.048122	0	HOMD	0	0	0	1	1	0.022173956	-6.569495476	1	0	HOMD	0	0
chr5	140281539	140913601	140307284	140871425	29	0.612903	-0.71139	1	DLOH	1	0	1	1	1	0.535195021	-1.976368836	1	1	HETD	1	0
chr5	140913602	167367967	140955777	167182055	177	0.6	-0.114674	3	HET	2	1	1	NA	NA	1.797668768	-0.228378217	0.707320832	2	NEUT	1	1
chr5	167367968	180915260	167553880	180627250	105	0.578947	-0.479019	1	DLOH	1	0	1	1	1	0.965895404	-1.124566562	0.736635215	1	HETD	1	0
chr6	1	31017209	549364	28403603	223	0.780488	-0.088639	2	NLOH	2	0	2	1	1	1.865536011	-0.174915227	1	2	NEUT	2	0
chr6	31017210	35858024	33630816	35755658	27	0.733333	-0.459253	1	DLOH	1	0	1	1	1	1.005834347	-1.066112712	1	1	HETD	1	0
chr6	35858025	38367599	35960390	38084569	36	0.773504	-0.230863	2	NLOH	2	0	2	1	1	1.509284033	-0.480641103	1	2	NEUT	2	0
chr6	38367600	39492297	38650628	39325078	23	0.789474	-0.528987	1	DLOH	1	0	1	1	1	0.867337367	-1.279840266	1	1	HETD	1	0
chr6	39492298	71452125	39659516	71238105	176	0.569036	0.029676	3	HET	2	1	1	NA	NA	2.189864487	0.056336159	0.629856794	2	NEUT	1	1
chr6	71452126	83300126	71666146	82933309	32	0.736842	-0.52973	1	DLOH	1	0	1	1	1	0.86589746	-1.282237341	1	1	HETD	1	0
chr6	83300127	94159345	83666943	91260116	48	0.803509	-0.20901	2	NLOH	2	0	2	1	1	1.561765519	-0.43132757	1	2	NEUT	2	0
chr6	94159346	100995561	97058574	100896569	11	0.692308	-0.524639	1	DLOH	1	0	1	1	1	0.875778516	-1.265867472	1	1	HETD	1	0
chr6	100995562	142735745	101094554	142396790	154	0.633971	0.422492	5	GAIN	3	1	2	1	1	3.478963673	0.724152178	0.708265149	3	GAIN	2	1
chr6	142735746	151993336	143074700	151857594	49	0.582418	0.605347	8	BCNA	4	2	2	1	1	4.209767938	0.999235271	0.620188925	4	AMP	2	2
chr6	151993337	152287782	152129077	152129077	1	0.583333	-1.043496	0	HOMD	0	0	0	1	1	0.028441311	-6.210373659	1	0	HOMD	0	0
chr6	152287783	152840622	152446487	152638209	13	0.539683	0.866447	11	UBCNA	5	2	3	1	1	5.427705084	1.365836897	0.553788288	5	HLAMP	3	2
chr6	152840623	156962208	153043035	155597147	21	0.573333	0.424502	5	GAIN	3	1	2	1	1	3.48650382	0.727275626	0.613912156	3	GAIN	2	1
chr6	156962209	167447313	158327269	167344583	67	0.772727	-0.160742	2	NLOH	2	0	2	1	1	1.680540435	-0.325580181	1	2	NEUT	2	0
chr6	167447314	169040233	167550042	168462626	10	0.714286	-0.798383	1	DLOH	1	0	1	1	1	0.390981821	-2.429332	1	1	HETD	1	0
chr6	169040234	170151162	169617840	170143300	12	0.583746	0.564095	8	BCNA	4	2	2	1	1	4.036715885	0.938676613	0.623770839	4	AMP	2	2
chr6	170151163	171115067	170159023	170892100	15	0.714286	-0.721917	1	DLOH	1	0	1	1	1	0.517277836	-2.025494154	1	1	HETD	1	0
chr7	1	5096344	195501	4959807	41	0.564103	0.068503	3	HET	2	1	1	NA	NA	2.302227337	0.128524865	0.617821497	2	NEUT	1	1
chr7	5096345	9608697	5232881	8126194	27	0.652174	0.604838	7	ASCNA	4	1	3	1	1	4.207602393	0.998492944	0.721948939	4	AMP	3	1
chr7	9608698	16707221	11091200	16598655	25	0.575758	0.198752	3	HET	2	1	1	NA	NA	2.702030438	0.35953849	0.629849867	2	NEUT	1	1
chr7	16707222	48299702	16815786	48287840	206	0.613636	0.430836	5	GAIN	3	1	2	1	1	3.510333488	0.737102659	0.676090145	3	GAIN	2	1
chr7	48299703	71551181	48311563	70252185	50	0.586207	-0.106692	3	HET	2	1	1	NA	NA	1.818345969	-0.211878715	0.677673007	2	NEUT	1	1
chr7	71551182	136498272	72850178	135406176	393	0.586207	0.31397	5	GAIN	3	1	2	1	1	3.087071001	0.551733228	0.64008229	3	GAIN	2	1
chr7	136498273	143156982	137590369	143105830	44	0.722611	-0.657418	1	DLOH	1	0	1	1	1	0.629138383	-1.74305615	1	1	HETD	1	0
chr7	143156983	144280972	143208135	144098992	11	0.642857	-1.14681	0	HOMD	0	0	0	1	1	0.015625	-7.074505436	1	0	HOMD	0	0
chr7	144280973	148751130	144462951	148701168	12	0.661458	-0.488845	1	DLOH	1	0	1	1	1	0.946243803	-1.154221585	0.990650723	1	HETD	1	0
chr7	148751131	149888357	148801091	149559465	9	0.625	-1.197398	0	HOMD	0	0	0	1	1	0.015625	-7.074505436	1	0	HOMD	0	0
chr7	149888358	159138663	150217248	158902425	52	0.65942	-0.778854	1	DLOH	1	0	1	1	1	0.422603425	-2.317129072	1	1	HETD	1	0
chr8	1	20830705	566460	20110641	113	0.788462	-0.11164	2	NLOH	2	0	2	1	1	1.805514805	-0.222095186	1	2	NEUT	2	0
chr8	20830706	23109663	21550768	23106665	38	0.609226	0.748155	8	BCNA	4	2	2	1	1	4.848546854	1.203046989	0.652687843	4	AMP	2	2
chr8	23109664	23132859	23112662	23118155	6	0.629085	1.020423	14	UBCNA	6	2	4	1	1	6.256333389	1.570811957	0.668891097	6	HLAMP	4	2
chr8	23132860	38635147	23147564	38178767	106	0.608696	0.452089	5	GAIN	3	1	2	1	1	3.591059968	0.769904309	0.667092203	3	GAIN	2	1
chr8	38635148	65228109	39091526	63938764	48	0.670833	-0.343028	1	DLOH	1	0	1	1	1	1.252075173	-0.750184254	0.934062809	1	HETD	1	0
chr8	65228110	66827962	66517454	66691934	5	0.634409	0.854715	10	ASCNA	5	1	4	1	1	5.368120716	1.349911678	0.682714856	5	HLAMP	4	1
chr8	66827963	100114396	66963989	99208244	92	0.617602	-0.036703	3	HET	2	1	1	NA	NA	2.004635166	-0.07116574	0.730782881	2	NEUT	1	1
chr8	100114397	122691034	101020548	121354506	92	0.60563	0.390385	5	GAIN	3	1	2	1	1	3.359933446	0.67392722	0.666282724	3	GAIN	2	1
chr8	122691035	145412584	124027562	145247168	142	0.567875	0.100906	3	HET	2	1	1	NA	NA	2.398342373	0.187532188	0.622474965	2	NEUT	1	1
chr8	145412585	146364022	145577999	146076708	26	0.794737	-0.780917	1	DLOH	1	0	1	1	1	0.419242733	-2.328647755	1	1	HETD	1	0
chr9	1	29940503	215269	27455095	112	0.734314	-0.553092	1	DLOH	1	0	1	1	1	0.820998921	-1.359053205	1	1	HETD	1	0
chr9	29940504	71723355	32425910	71606315	98	0.591751	0.01214	3	HET	2	1	1	NA	NA	2.140099312	0.02317231	0.674463393	2	NEUT	1	1
chr9	71723356	71857868	71840396	71852760	6	0.791892	0.890866	13	ASCNA	6	1	5	1	1	5.553288824	1.398836995	0.893298463	6	HLAMP	5	1
chr9	71857869	73186247	71862975	72929769	14	0.804255	0.457254	4	ALOH	3	0	3	1	1	3.610858761	0.777836554	0.966817709	3	GAIN	3	0
chr9	73186248	74838618	73442724	74834384	7	0.75	0.770217	10	ASCNA	5	1	4	1	1	4.952991279	1.233794644	0.847379188	5	HLAMP	4	1
chr9	74838619	74910319	74842851	74846104	3	0.7	-0.59722	1	DLOH	1	0	1	1	1	0.738149332	-1.512520819	1	1	HETD	1	0
chr9	74910320	75139572	74974534	74975492	2	0.672101	1.278187	22	UBCNA	8	2	6	1	1	7.857636085	1.899589917	0.714356689	8	HLAMP	6	2
chr9	75139573	84452994	75303653	84300694	38	0.755952	0.427661	4	ALOH	3	0	3	1	1	3.498375479	0.732179705	0.897103602	3	GAIN	3	0
chr9	84452995	85257789	84605293	84609913	4	0.725877	-0.323756	1	DLOH	1	0	1	1	1	1.294857797	-0.701711769	1	1	HETD	1	0
chr9	85257790	89643475	85905666	88943171	9	0.714286	0.737181	7	ASCNA	4	1	3	1	1	4.797186295	1.18768303	0.800464895	4	AMP	3	1
chr9	89643476	103759492	90343780	103348634	82	0.606673	-0.159818	3	HET	2	1	1	NA	NA	1.682853145	-0.323596152	0.728966112	2	NEUT	1	1
chr9	103759493	107346178	104170350	107331504	19	0.580645	-0.550888	1	DLOH	1	0	1	1	1	0.825203713	-1.351683219	0.769187811	1	HETD	1	0
chr9	107346179	107486487	107360851	107457759	11	0.627119	-0.967491	0	HOMD	0	0	0	1	1	0.134344021	-3.970501416	1	0	HOMD	0	0
chr9	107486488	126929227	107515214	126783433	144	0.612007	-0.127193	3	HET	2	1	1	NA	NA	1.765468107	-0.254454677	0.734406317	2	NEUT	1	1
chr9	126929228	131222761	127075021	131197896	54	0.722611	0.309524	4	ALOH	3	0	3	1	1	3.071635767	0.544501716	0.862431422	3	GAIN	3	0
chr9	131222762	132254731	131247626	131940019	21	0.707317	0.605014	7	ASCNA	4	1	3	1	1	4.2083511	0.998749636	0.802359238	4	AMP	3	1
chr9	132254732	136034688	132569442	135985796	79	0.607143	-0.152405	3	HET	2	1	1	NA	NA	1.701461099	-0.307731269	0.728631588	2	NEUT	1	1
chr9	136034689	136567389	136083580	136561367	27	0.609756	-0.458908	1	DLOH	1	0	1	1	1	1.00653632	-1.065106204	0.820130223	1	HETD	1	0
chr9	136567390	141213431	136573412	141016262	73	0.607143	-0.110647	3	HET	2	1	1	NA	NA	1.808086327	-0.220041876	0.721467246	2	NEUT	1	1
chr10	1	27219324	696237	26994345	128	0.79057	-0.079105	2	NLOH	2	0	2	1	1	1.890696921	-0.155587319	1	2	NEUT	2	0
chr10	27219325	30236485	27444303	29843833	14	0.757353	-0.659877	1	DLOH	1	0	1	1	1	0.624781415	-1.753081992	1	1	HETD	1	0
chr10	30236486	34651842	30629136	34636820	16	0.778945	-0.118419	2	NLOH	2	0	2	1	1	1.788006783	-0.236153227	1	2	NEUT	2	0
chr10	34651843	52078076	34666864	51586514	76	0.607422	-0.014182	3	HET	2	1	1	NA	NA	2.066526738	-0.027297406	0.707709293	2	NEUT	1	1
chr10	52078077	73427077	52569637	73406599	88	0.737652	-0.523437	1	DLOH	1	0	1	1	1	0.878116555	-1.262021086	1	1	HETD	1	0
chr10	73427078	100666323	73447555	100195583	183	0.791667	-0.01455	2	NLOH	2	0	2	1	1	2.065507627	-0.028009049	1	2	NEUT	2	0
chr10	100666324	113241718	101137063	112570243	92	0.821429	0.258688	4	ALOH	3	0	3	1	1	2.898488095	0.460795123	1	3	GAIN	3	0
chr10	113241719	115360425	113913193	115350597	15	0.631579	0.2382	5	GAIN	3	1	2	1	1	2.830412616	0.426506947	0.721266214	3	GAIN	2	1
chr10	115360426	115451746	115370254	115422474	17	0.702128	0.495004	7	ASCNA	4	1	3	1	1	3.757736794	0.835358582	0.805903259	4	AMP	3	1
chr10	115451747	118479617	115481018	118364842	31	0.69863	0.205474	2	NLOH	2	0	2	1	1	2.723659584	0.371040963	0.839327286	2	NEUT	2	0
chr10	118479618	122953704	118594392	122668296	22	0.705882	0.522731	7	ASCNA	4	1	3	1	1	3.868091876	0.877116626	0.808568961	4	AMP	3	1
chr10	122953705	123419725	123239112	123243197	2	0.870441	1.016297	12	ALOH	6	0	6	1	1	6.23295661	1.565411233	0.985102772	6	HLAMP	6	0
chr10	123419726	125565014	123596254	125528007	30	0.672177	-0.000921	2	NLOH	2	0	2	1	1	2.10342475	-0.00176523	0.830098719	2	NEUT	2	0
chr10	125565015	126450743	125602021	126186771	7	0.711111	0.871936	10	ASCNA	5	1	4	1	1	5.455749384	1.373271938	0.785764497	5	HLAMP	4	1
chr10	126450744	127715403	126714714	127706028	13	0.769231	0.411654	4	ALOH	3	0	3	1	1	3.438487444	0.707268641	0.920291642	3	GAIN	3	0
chr10	127715404	128173304	127724778	128153623	5	0.788235	1.309014	21	ASCNA	8	1	7	1	1	8.069009551	1.937886161	0.85715102	8	HLAMP	7	1
chr10	128173305	129180751	128192985	129160313	9	0.797101	0.836539	9	ALOH	5	0	5	1	1	5.276760174	1.325146979	0.905726168	5	HLAMP	5	0
chr10	129180752	129804590	129201188	129763277	3	0.76087	1.249642	21	ASCNA	8	1	7	1	1	7.665896537	1.86394909	0.826523048	8	HLAMP	7	1
chr10	129804591	132960957	129845903	131973459	9	0.609756	0.080012	5	GAIN	3	1	2	1	1	2.336118843	0.149608232	0.700397492	3	GAIN	2	1
chr10	132960958	135534747	133948456	135160950	20	0.777124	0.445867	4	ALOH	3	0	3	1	1	3.567303352	0.760328467	0.926998519	3	GAIN	3	0
chr11	1	4077988	205198	3746465	75	0.617647	-0.128183	3	HET	2	1	1	NA	NA	1.762933587	-0.25652731	0.746394442	2	NEUT	1	1
chr11	4077989	5596318	4409511	5566789	47	0.6	-0.488507	1	DLOH	1	0	1	1	1	0.946917568	-1.15319469	0.803742453	1	HETD	1	0
chr11	5596319	46676798	5625847	46456344	270	0.6	-0.128197	3	HET	2	1	1	NA	NA	1.762897758	-0.256556631	0.709437605	2	NEUT	1	1
chr11	46676799	48216501	46897253	48166267	29	0.583333	0.291567	5	GAIN	3	1	2	1	1	3.009776013	0.51515069	0.636749637	3	GAIN	2	1
chr11	48216502	58262911	48266736	58207203	72	0.596154	-0.544241	1	DLOH	1	0	1	1	1	0.83792383	-1.329614427	0.817543245	1	HETD	1	0
chr11	58262912	65755700	58318619	65744247	137	0.615385	-0.079697	3	HET	2	1	1	NA	NA	1.889129744	-0.156783648	0.733221891	2	NEUT	1	1
chr11	65755701	70716093	65767153	70279927	83	0.571429	0.208431	5	GAIN	3	1	2	1	1	2.733206183	0.376088859	0.621848192	3	GAIN	2	1
chr11	70716094	77195930	71152258	77090518	62	0.619869	0.036215	3	HET	2	1	1	NA	NA	2.208576809	0.06861157	0.724578981	2	NEUT	1	1
chr11	77195931	80408770	77301341	77850517	18	0.862534	1.761089	20	ALOH	8	0	8	1	1	11.74844174	2.479892076	0.922067605	12	HLAMP	11	1
chr11	80408771	89874612	82967023	89868755	22	0.766968	-0.648498	1	DLOH	1	0	1	1	1	0.645005718	-1.707121582	1	1	HETD	1	0
chr11	89874613	93009645	89880469	92564767	7	0.6	-1.266117	0	HOMD	0	0	0	1	1	0.015625	-7.074505436	1	0	HOMD	0	0
chr11	93009646	113249475	93454524	113234679	76	0.680173	-0.636359	1	DLOH	1	0	1	1	1	0.666757374	-1.659271656	1	1	HETD	1	0
chr11	113249476	114012079	113264272	113856681	18	0.685855	-1.143653	0	HOMD	0	0	0	1	1	0.015625	-7.074505436	1	0	HOMD	0	0
chr11	114012080	122992450	114167476	122678728	94	0.692308	-0.669088	1	DLOH	1	0	1	1	1	0.608526798	-1.791112735	1	1	HETD	1	0
chr11	122992451	123876085	123306172	123865305	16	0.687063	-1.02358	0	HOMD	0	0	0	1	1	0.055654411	-5.241865589	1	0	HOMD	0	0
chr11	123876086	124242187	123886865	124190137	19	0.6	-0.896167	1	DLOH	1	0	1	1	1	0.238929124	-3.139850809	1	1	HETD	1	0
chr11	124242188	124860111	124294236	124857708	13	0.666667	-1.005641	0	HOMD	0	0	0	1	1	0.080489815	-4.70955539	1	0	HOMD	0	0
chr11	124860112	135006516	124862514	134074099	50	0.666667	-0.65254	1	DLOH	1	0	1	1	1	0.637803452	-1.723321624	1	1	HETD	1	0
chr12	1	81453959	275065	81282953	673	0.565217	0.035017	3	HET	2	1	1	NA	NA	2.205142205	0.066366259	0.622275181	2	NEUT	1	1
chr12	81453960	106051761	81624964	105623073	123	0.583333	0.216565	5	GAIN	3	1	2	1	1	2.759567761	0.389936875	0.64159289	3	GAIN	2	1
chr12	106051762	133851895	106480450	133728600	231	0.571429	0.120718	3	HET	2	1	1	NA	NA	2.45818186	0.223086216	0.627489151	2	NEUT	1	1
chr13	1	25462507	21063524	25442921	45	0.597015	-0.000421	3	HET	2	1	1	NA	NA	2.104822619	-0.000806779	0.685938611	2	NEUT	1	1
chr13	25462508	33282541	25482092	33232435	54	0.603226	0.311349	5	GAIN	3	1	2	1	1	3.077965888	0.547471807	0.667928193	3	GAIN	2	1
chr13	33282542	41484891	33332648	41135038	41	0.714286	-0.667055	1	DLOH	1	0	1	1	1	0.612105506	-1.782653186	1	1	HETD	1	0
chr13	41484892	50983695	41834744	50141345	62	0.771429	-0.208757	2	NLOH	2	0	2	1	1	1.562377783	-0.430762097	1	2	NEUT	2	0
chr13	50983696	115169878	51826044	115064542	153	0.730769	-0.476748	1	DLOH	1	0	1	1	1	0.970456385	-1.117770155	1	1	HETD	1	0
chr14	1	95246324	20215989	94935901	503	0.571429	0.009499	3	HET	2	1	1	NA	NA	2.132656726	0.018146331	0.636046079	2	NEUT	1	1
chr14	95246325	107349540	95556747	105722726	70	0.626521	0.378022	5	GAIN	3	1	2	1	1	3.314801884	0.654417211	0.700158451	3	GAIN	2	1
chr15	1	34336820	22960868	34152777	51	0.72	-0.575546	1	DLOH	1	0	1	1	1	0.778525275	-1.435689654	1	1	HETD	1	0
chr15	34336821	40392063	34520863	40330629	33	0.75	-0.173841	2	NLOH	2	0	2	1	1	1.64791335	-0.353865051	1	2	NEUT	2	0
chr15	40392064	50063299	40453497	49917341	49	0.733333	-0.428178	1	DLOH	1	0	1	1	1	1.069741026	-0.97724386	1	1	HETD	1	0
chr15	50063300	64781813	50209258	64455123	96	0.74537	-0.203889	2	NLOH	2	0	2	1	1	1.574179352	-0.419905514	1	2	NEUT	2	0
chr15	64781814	89440527	65108504	89436295	156	0.738613	-0.394232	1	DLOH	1	0	1	1	1	1.141143289	-0.884025479	1	1	HETD	1	0
chr15	89440528	102531392	89444760	101970091	80	0.5625	-0.06201	3	HET	2	1	1	NA	NA	1.936230325	-0.121254858	0.624775426	2	NEUT	1	1
chr16	1	39262372	115041	31819168	359	0.583333	-0.063562	3	HET	2	1	1	NA	NA	1.932074189	-0.124354943	0.666545185	2	NEUT	1	1
chr16	39262373	62953021	46705576	58327646	96	0.729021	-0.36524	1	DLOH	1	0	1	1	1	1.203469676	-0.807305646	1	1	HETD	1	0
chr16	62953022	68793613	67578396	68729785	14	0.575696	0.004403	3	HET	2	1	1	NA	NA	2.118334171	0.008424759	0.644636141	2	NEUT	1	1
chr16	68793614	70135739	68857441	69967897	15	0.569231	0.546815	8	BCNA	4	2	2	1	1	3.965684	0.913064286	0.60291132	4	AMP	2	2
chr16	70135740	71826609	70303580	71724369	24	0.76843	-0.46303	1	DLOH	1	0	1	1	1	0.998160236	-1.077162099	1	1	HETD	1	0
chr16	71826610	72038803	71928850	72020323	15	0.648936	0.402036	5	GAIN	3	1	2	1	1	3.402821271	0.692225941	0.733377172	3	GAIN	2	1
chr16	72038804	72570591	72057282	72156842	14	0.720779	-0.26887	1	DLOH	1	0	1	1	1	1.419879975	-0.568736455	1	1	HETD	1	0
chr16	72570592	75101971	72984340	74999617	20	0.590993	0.492798	5	GAIN	3	1	2	1	1	3.749047531	0.83201868	0.637818319	3	GAIN	2	1
chr16	75101972	76878921	75204325	76528976	9	0.736842	-0.654532	1	DLOH	1	0	1	1	1	0.63426141	-1.731355965	1	1	HETD	1	0
chr16	76878922	79943685	77228866	79245465	17	0.61194	0.11872	5	GAIN	3	1	2	1	1	2.452109844	0.219518171	0.700012249	3	GAIN	2	1
chr16	79943686	83439589	80641906	83065664	32	0.741658	-0.608978	1	DLOH	1	0	1	1	1	0.716498123	-1.555470606	1	1	HETD	1	0
chr16	83439590	84211218	83813514	84209864	15	0.604167	0.245568	5	GAIN	3	1	2	1	1	2.854783025	0.438875663	0.67456345	3	GAIN	2	1
chr16	84211219	84550143	84212571	84476297	25	0.685714	0.614035	7	ASCNA	4	1	3	1	1	4.246849169	1.011887434	0.770080788	4	AMP	3	1
chr16	84550144	85067921	84623989	85023855	8	0.688617	1.255638	22	UBCNA	8	2	6	1	1	7.705858107	1.871450185	0.735839995	8	HLAMP	6	2
chr16	85067922	86202627	85111987	85839211	9	0.580645	0.449296	8	BCNA	4	2	2	1	1	3.580383162	0.765608552	0.624100189	4	AMP	2	2
chr16	86202628	89777223	86566042	89764549	40	0.764706	-0.4321	1	DLOH	1	0	1	1	1	1.061599209	-0.988266236	1	1	HETD	1	0
chr16	89777224	90354753	89789898	90102835	24	0.716578	-0.155463	2	NLOH	2	0	2	1	1	1.693773386	-0.314264571	0.963268679	2	NEUT	2	0
chr17	1	5181786	423051	5087040	148	0.82938	0.413711	4	ALOH	3	0	3	1	1	3.446146276	0.710478504	1	3	GAIN	3	0
chr17	5181787	7885689	5276531	7852887	104	0.848293	0.544263	6	ALOH	4	0	4	1	1	3.955265559	0.909269125	1	4	AMP	4	0
chr17	7885690	17786982	7918490	17409560	73	0.85	0.316935	4	ALOH	3	0	3	1	1	3.0973911	0.556548124	1	3	GAIN	3	0
chr17	17786983	20182549	18164404	19454733	26	0.611526	1.606387	23	UBCNA	8	3	5	1	1	10.35766309	2.298121195	0.632299422	10	HLAMP	6	4
chr17	20182550	23954417	20910364	21217513	11	0.695652	0.68115	10	ASCNA	5	1	4	1	1	4.540953835	1.108489933	0.778776857	5	HLAMP	4	1
chr17	23954418	39178399	26691321	39022843	147	0.56	0.031075	3	HET	2	1	1	NA	NA	2.193860805	0.058966557	0.612763778	2	NEUT	1	1
chr17	39178400	39607307	39333956	39595536	23	0.550562	-0.55123	1	DLOH	1	0	1	1	1	0.824550824	-1.352825109	0.668866297	1	HETD	1	0
chr17	39607308	75210480	39619078	74942478	454	0.568182	0.055041	3	HET	2	1	1	NA	NA	2.26292623	0.103684118	0.626311026	2	NEUT	1	1
chr17	75210481	81195210	75478481	81006387	92	0.5625	0.359024	5	GAIN	3	1	2	1	1	3.246198445	0.62424576	0.599644854	3	GAIN	2	1
chr18	1	2661079	196829	2616457	15	0.857143	0.047304	2	NLOH	2	0	2	1	1	2.240504147	0.08931796	1	2	NEUT	2	0
chr18	2661080	8522272	2705700	8248041	35	0.604651	0.63173	8	BCNA	4	2	2	1	1	4.323067247	1.037549842	0.651354034	4	AMP	2	2
chr18	8522273	21091989	8796503	21083738	62	0.688095	0.408787	5	GAIN	3	1	2	1	1	3.427830939	0.702790521	0.793959795	3	GAIN	2	1
chr18	21091990	21235004	21100240	21140432	14	0.621053	0.860821	11	UBCNA	5	2	3	1	1	5.39907134	1.358205844	0.664309382	5	HLAMP	3	2
chr18	21235005	26311376	21329577	24035788	18	0.633488	0.59318	7	ASCNA	4	1	3	1	1	4.158211907	0.981457845	0.695422026	4	AMP	3	1
chr18	26311377	54789988	28586964	54361837	96	0.826087	-0.073458	2	NLOH	2	0	2	1	1	1.905678357	-0.144200797	1	2	NEUT	2	0
chr18	54789989	78077248	55218139	77894844	101	0.7	-0.829781	1	DLOH	1	0	1	1	1	0.341030631	-2.626532207	1	1	HETD	1	0
chr19	1	5364903	281360	5274384	127	0.588235	0.238668	5	GAIN	3	1	2	1	1	2.831956875	0.42729386	0.648345171	3	GAIN	2	1
chr19	5364904	5916663	5455422	5905141	17	0.611111	-0.284097	3	HET	2	1	1	NA	NA	1.384717056	-0.604914221	0.765917688	2	NEUT	1	1
chr19	5916664	8739152	5928185	8669931	112	0.6	0.312832	5	GAIN	3	1	2	1	1	3.083115662	0.549883576	0.662575437	3	GAIN	2	1
chr19	8739153	9331234	8808373	9213132	61	0.6	-0.238375	3	HET	2	1	1	NA	NA	1.491426268	-0.49781278	0.729357591	2	NEUT	1	1
chr19	9331235	14870161	9449337	14829749	122	0.576708	0.329795	5	GAIN	3	1	2	1	1	3.142398441	0.577360683	0.623802817	3	GAIN	2	1
chr19	14870162	16133785	14910573	16038334	41	0.604651	-0.078008	3	HET	2	1	1	NA	NA	1.893602664	-0.153371796	0.711273346	2	NEUT	1	1
chr19	16133786	22243520	16229236	21544714	114	0.593171	0.331988	5	GAIN	3	1	2	1	1	3.150113608	0.580898424	0.650233165	3	GAIN	2	1
chr19	22243521	50502119	22942325	50493131	355	0.615385	-0.133559	3	HET	2	1	1	NA	NA	1.749200701	-0.267809604	0.742648369	2	NEUT	1	1
chr19	50502120	59128983	50511108	58718269	183	0.621622	-0.416644	1	DLOH	1	0	1	1	1	1.093813522	-0.945138635	0.836139417	1	HETD	1	0
chr20	1	18082367	138125	18022171	134	0.582576	-0.161533	3	HET	2	1	1	NA	NA	1.678561791	-0.32727979	0.677485616	2	NEUT	1	1
chr20	18082368	30834366	18142564	30753270	58	0.637229	0.285586	5	GAIN	3	1	2	1	1	2.989342517	0.505322773	0.725794367	3	GAIN	2	1
chr20	30834367	31447085	30915461	31427635	15	0.576923	0.933249	15	BCNA	6	3	3	1	1	5.776369714	1.455657648	0.602614824	6	HLAMP	3	3
chr20	31447086	32650935	31466534	32264533	36	0.58102	0.455718	5	GAIN	3	1	2	1	1	3.604963465	0.775479202	0.624379581	3	GAIN	2	1
chr20	32650936	33457929	33037336	33451148	7	0.673077	1.052185	18	UBCNA	7	2	5	1	1	6.43854397	1.612229034	0.724938539	7	HLAMP	5	2
chr20	33457930	33497238	33464710	33464710	1	0.541667	0.466924	8	BCNA	4	2	2	1	1	3.648117515	0.792646767	0.563702206	4	AMP	2	2
chr20	33497239	33997087	33529766	33971978	29	0.703704	1.307962	22	UBCNA	8	2	6	1	1	8.061721552	1.936582518	0.752452973	8	HLAMP	6	2
chr20	33997088	34106503	34022196	34096725	5	0.666667	0.925287	14	UBCNA	6	2	4	1	1	5.733960653	1.445026568	0.722744496	6	HLAMP	4	2
chr20	34106504	36187204	34116282	35812526	19	0.589474	0.53856	5	GAIN	3	1	2	1	1	3.932049786	0.900776152	0.633374711	3	GAIN	2	1
chr20	36187205	36672938	36561882	36668874	4	0.859347	1.829192	21	ASCNA	8	1	7	1	1	12.40958579	2.558877621	0.915213369	12	HLAMP	11	1
chr20	36672939	38628515	36677002	37647605	15	0.774194	-0.29672	2	NLOH	2	0	2	1	1	1.355847461	-0.635310559	1	2	NEUT	2	0
chr20	38628516	40265273	39609426	39797465	5	0.655462	0.931204	14	UBCNA	6	2	4	1	1	5.765454811	1.452928984	0.707483681	6	HLAMP	4	2
chr20	40265274	43583730	40733082	43566787	22	0.835145	0.063095	2	NLOH	2	0	2	1	1	2.286395081	0.118569281	1	2	NEUT	2	0
chr20	43583731	45804572	43600673	45717954	44	0.566349	0.66512	8	BCNA	4	2	2	1	1	4.469460102	1.085595132	0.594989001	4	AMP	2	2
chr20	45804573	46784807	45891189	46313135	6	0.599359	1.403849	23	UBCNA	8	3	5	1	1	8.748325479	2.05450146	0.621270696	9	HLAMP	6	3
chr20	46784808	47334672	47256479	47307618	8	0.560897	0.65251	8	BCNA	4	2	2	1	1	4.413775138	1.067507696	0.587515244	4	AMP	2	2
chr20	47334673	49205161	47361725	49196167	24	0.60333	1.463301	23	UBCNA	8	3	5	1	1	9.197530566	2.126741129	0.62500449	9	HLAMP	6	3
chr20	49205162	50368433	49214156	50329704	4	0.611232	0.759975	8	BCNA	4	2	2	1	1	4.904305634	1.219543454	0.654988837	4	AMP	2	2
chr20	50368434	53870867	50407162	52782438	8	0.752245	1.484147	21	ASCNA	8	1	7	1	1	9.359472765	2.151921826	0.804240396	9	HLAMP	7	2
chr20	53870868	55480459	54959296	55212711	13	0.72973	-0.155576	2	NLOH	2	0	2	1	1	1.693489619	-0.314506293	0.991445159	2	NEUT	2	0
chr20	55480460	57966507	55748206	57610059	27	0.641509	0.102197	3	HET	2	1	1	NA	NA	2.402216686	0.189860856	0.755157992	2	NEUT	1	1
chr20	57966508	59237421	58322956	58644995	5	0.8	1.186785	21	ASCNA	8	1	7	1	1	7.256819411	1.784831932	0.87975697	7	HLAMP	6	1
chr20	59237422	63025520	59829847	62904542	57	0.606061	-0.244394	3	HET	2	1	1	NA	NA	1.477184658	-0.511655252	0.744581686	2	NEUT	1	1
chr21	1	42088469	15481365	41559182	119	0.557692	0.218426	3	HET	2	1	1	NA	NA	2.76562002	0.393097516	0.59793745	2	NEUT	1	1
chr21	42088470	45694715	42617756	45681153	62	0.563431	0.262333	5	GAIN	3	1	2	1	1	2.910700958	0.46686119	0.605474385	3	GAIN	2	1
chr21	45694716	48129895	45708277	47858248	69	0.56	0.04609	3	HET	2	1	1	NA	NA	2.236996836	0.087057779	0.611746334	2	NEUT	1	1
chr22	1	32155661	17288988	32112461	159	0.730769	-0.449753	1	DLOH	1	0	1	1	1	1.025225505	-1.038564161	1	1	HETD	1	0
chr22	32155662	35611820	32198862	35481776	22	0.589474	0.321158	5	GAIN	3	1	2	1	1	3.112126509	0.563395271	0.644940826	3	GAIN	2	1
chr22	35611821	36541258	35741863	36537500	7	0.652632	0.654036	7	ASCNA	4	1	3	1	1	4.420488	1.069700209	0.719246548	4	AMP	3	1
chr22	36541259	36592950	36545016	36556823	3	0.649351	1.372908	22	UBCNA	8	2	6	1	1	8.521764749	2.016646789	0.683163112	9	HLAMP	6	3
chr22	36592951	37234387	36629077	37196971	13	0.646552	0.889964	14	UBCNA	6	2	4	1	1	5.548612048	1.397621499	0.697508676	6	HLAMP	4	2
chr22	37234388	37556182	37271802	37533786	12	0.662311	0.370169	5	GAIN	3	1	2	1	1	3.286334439	0.641973869	0.757597177	3	GAIN	2	1
chr22	37556183	38011665	37578579	37902177	12	0.722069	-0.519171	1	DLOH	1	0	1	1	1	0.886430196	-1.248426505	1	1	HETD	1	0
chr22	38011666	38295403	38121152	38282897	13	0.686441	0.876082	10	ASCNA	5	1	4	1	1	5.477002899	1.378881208	0.752114802	5	HLAMP	4	1
chr22	38295404	39159668	38307909	38823136	10	0.598238	-0.309851	3	HET	2	1	1	NA	NA	1.326082888	-0.667334482	0.741161139	2	NEUT	1	1
chr22	39159669	41145439	39496199	41075695	18	0.56654	0.594352	5	GAIN	3	1	2	1	1	4.163159197	0.983173291	0.597375677	3	GAIN	2	1
chr22	41145440	43199216	41215183	43195296	12	0.632997	1.0104	14	UBCNA	6	2	4	1	1	6.199661679	1.557684052	0.674384344	6	HLAMP	4	2
chr22	43199217	43515179	43203137	43471386	18	0.6085	1.247796	23	UBCNA	8	3	5	1	1	7.653626892	1.861638136	0.635849926	8	HLAMP	5	3
chr22	43515180	44421075	43558972	44282307	16	0.561224	0.660617	8	BCNA	4	2	2	1	1	4.449519245	1.07914403	0.587770197	4	AMP	2	2
chr22	44421076	44896242	44559842	44594476	3	0.648148	1.095609	18	UBCNA	7	2	5	1	1	6.694237548	1.66841431	0.690844117	7	HLAMP	5	2
chr22	44896243	51304566	45198009	51065361	35	0.8125	-0.275405	2	NLOH	2	0	2	1	1	1.404743568	-0.584198642	1	2	NEUT	2	0
chrX	1	6398769	2942109	5821786	17	0.661765	-0.018256	3	HET	2	1	1	NA	NA	2.055258989	-0.035185233	0.813613921	2	NEUT	1	1
chrX	6398770	60502576	6975752	55757744	77	0.6	0.323442	5	GAIN	3	1	2	1	1	3.120114112	0.567093358	0.661833414	3	HLAMP	2	1
chrX	60502577	155270560	65247409	153760508	152	0.793103	-0.256444	2	NLOH	2	0	2	1	1	1.448850973	-0.539596228	1	2	NEUT	2	0
chrY	1	59373566	Fill_In	Fill_In	Fill_In	Fill_In	Fill_In	Fill_In	NA	1	0	1	Fill_In	Fill_In	Fill_In	Fill_In	Fill_In	Fill_In	NA	1	0