Chromosome	Start	End	Start.snp	End.snp	Length.snp.	Median_Ratio	Median_logR	TITAN_state	TITAN_call	Copy_Number	MinorCN	MajorCN	Clonal_Cluster	Cellular_Prevalence	logR_Copy_Number	Corrected_logR	Corrected_Ratio	Corrected_Copy_Number	Corrected_Call	Corrected_MajorCN	Corrected_MinorCN
chr1	1	1278015	894573	1021415	7	0.553191	-0.66027	0	HOMD	0	0	0	2	0.580372751	0.015625	-7.033511102	1	0	HOMD	0	0
chr1	1278016	27055714	1534614	26900708	440	0.579246	0.327599	5	GAIN	3	1	2	2	0.580372751	3.554141143	0.795989873	0.661696304	3	GAIN	2	1
chr1	27055715	47297184	27210721	46877180	251	0.6	-0.137688	1	DLOH	1	0	1	2	0.580372751	1.554962094	-0.396631691	0.837809814	1	HETD	1	0
chr1	47297185	90158534	47717189	89846152	252	0.631735	-0.105353	2	NLOH	2	0	2	2	0.580372751	1.674022234	-0.290192413	0.922732684	2	NEUT	2	0
chr1	90158535	96533830	90470915	95367416	58	0.592593	-0.205156	1	DLOH	1	0	1	2	0.580372751	1.31496831	-0.638483071	0.852975893	1	HETD	1	0
chr1	96533831	132672438	97700245	120469077	170	0.625753	-0.097804	2	NLOH	2	0	2	2	0.580372751	1.702204603	-0.266106645	0.898937575	2	NEUT	2	0
chr1	132672439	145311818	144875799	145115810	13	0.691244	0.538902	7	ASCNA	4	1	3	2	0.580372751	4.698022335	1.19854247	0.841773743	4	AMP	3	1
chr1	145311819	149919824	145507826	149908108	21	0.666667	0.358067	5	GAIN	3	1	2	1	1	2.991812493	0.547508657	0.739470188	3	GAIN	2	1
chr1	149919825	156188180	149931541	156146218	150	0.618533	0.58155	8	BCNA	4	2	2	1	1	3.712053495	0.858706399	0.660264135	4	AMP	2	2
chr1	156188181	157290372	156230141	157095470	69	0.6125	0.477193	5	GAIN	3	1	2	1	1	3.361829639	0.715735515	0.656233272	3	GAIN	2	1
chr1	157290373	169371375	157485275	169351596	178	0.612548	0.612866	8	BCNA	4	2	2	1	1	3.822188429	0.900887801	0.651030284	4	AMP	2	2
chr1	169371376	169671059	169391154	169665632	12	0.555556	0.894064	11	UBCNA	5	2	3	1	1	4.925981843	1.266900208	0.57029518	5	HLAMP	3	2
chr1	169671060	170174569	169676486	169847683	14	0.56875	1.082789	24	BCNA	8	4	4	2	0.580372751	8.542452968	2.061139297	0.598510463	9	HLAMP	5	4
chr1	170174570	172088466	170501456	171765964	28	0.725982	0.39875	6	ALOH	4	0	4	2	0.580372751	3.920762015	0.937622973	0.939116103	4	AMP	4	0
chr1	172088467	182670029	172410967	182556036	76	0.83156	0.105971	2	NLOH	2	0	2	1	1	2.302627544	0.169769968	1	2	NEUT	2	0
chr1	182670030	183109390	182784022	183106739	20	0.842222	0.31464	4	ALOH	3	0	3	1	1	2.864344403	0.484693867	0.998363317	3	GAIN	3	0
chr1	183109391	183573646	183112041	183542387	15	0.826923	0.01094	2	NLOH	2	0	2	1	1	2.072529232	0.017881348	1	2	NEUT	2	0
chr1	183573647	196833917	183604905	196659237	37	0.83871	0.38309	4	ALOH	3	0	3	1	1	3.067022015	0.58332742	0.983036565	3	GAIN	3	0
chr1	196833918	199423788	197008597	198704294	19	0.779817	0.72901	12	ALOH	6	0	6	2	0.580372751	5.880573883	1.522445852	0.955772953	6	HLAMP	6	0
chr1	199423789	212368230	200143281	212220847	201	0.714286	0.32257	4	ALOH	3	0	3	2	0.580372751	3.528905882	0.785709851	0.938830955	3	GAIN	3	0
chr1	212368231	218946839	212515613	217804325	39	0.576923	-0.602087	1	DLOH	1	0	1	1	1	0.902657548	-1.181260438	0.688293032	1	HETD	1	0
chr1	218946840	226340459	220089352	226125617	47	0.714286	0.389549	4	ALOH	3	0	3	2	0.580372751	3.872327792	0.91968998	0.918916924	3	GAIN	3	0
chr1	226340460	249250621	226555302	249110906	188	0.572231	-0.394429	1	DLOH	1	0	1	2	0.580372751	0.698629815	-1.550910984	0.954550184	1	HETD	1	0
chr2	1	59697391	234130	58387000	519	0.588235	0.373381	5	GAIN	3	1	2	1	1	3.037685514	0.569461416	0.626195614	3	GAIN	2	1
chr2	59697392	61404969	61007782	61389799	7	0.59375	0.035279	3	HET	2	1	1	NA	NA	2.130025188	0.057359388	0.651270372	2	NEUT	1	1
chr2	61404970	82147434	61420140	79386058	171	0.6	-0.143177	1	DLOH	1	0	1	2	0.580372751	1.535014761	-0.415258574	0.840900124	1	HETD	1	0
chr2	82147435	100249786	84908811	100210642	105	0.561404	0.080365	5	GAIN	3	1	2	2	0.580372751	2.412025876	0.236734282	0.655541851	3	GAIN	2	1
chr2	100249787	104516651	100288931	103378857	50	0.75431	-0.472371	1	DLOH	1	0	1	2	0.580372751	0.467410714	-2.130748393	1	1	HETD	1	0
chr2	104516652	147061803	105654446	143798189	169	0.555556	0.224264	5	GAIN	3	1	2	2	0.580372751	3.052873487	0.576656702	0.622849287	3	GAIN	2	1
chr2	147061804	160500861	150325416	160116281	44	0.767316	-0.40269	1	DLOH	1	0	1	1	1	1.230151277	-0.734675361	1	1	HETD	1	0
chr2	160500862	167543506	160885442	167327064	40	0.649528	0.562727	5	GAIN	3	1	2	1	1	3.64699627	0.833197622	0.703110424	3	GAIN	2	1
chr2	167543507	169912820	167759948	169814655	23	0.775701	-0.481618	1	DLOH	1	0	1	1	1	1.095082054	-0.902472128	1	1	HETD	1	0
chr2	169912821	170117262	170010985	170059190	7	0.704819	1.084435	13	ASCNA	6	1	5	1	1	5.805171081	1.503827482	0.750928495	6	HLAMP	5	1
chr2	170117263	170923764	170175334	170917648	16	0.766434	-0.416702	1	DLOH	1	0	1	1	1	1.205629959	-0.76372393	1	1	HETD	1	0
chr2	170923765	173153029	170929880	172966250	12	0.556885	0.105113	3	HET	2	1	1	NA	NA	2.300481536	0.168424775	0.589200744	2	NEUT	1	1
chr2	173153030	174957326	173339808	174820750	14	0.733202	-0.383599	1	DLOH	1	0	1	1	1	1.263946578	-0.695575614	0.974325035	1	HETD	1	0
chr2	174957327	179322563	175093901	179319391	34	0.568733	0.326922	5	GAIN	3	1	2	1	1	2.900006582	0.502545072	0.599707298	3	GAIN	2	1
chr2	179322564	183255450	179325735	182926144	28	0.664103	0.675582	10	ASCNA	5	1	4	1	1	4.050073595	0.984437021	0.717055779	5	HLAMP	4	1
chr2	183255451	186643003	183584755	186629349	10	0.794737	-0.340388	1	DLOH	1	0	1	2	0.580372751	0.866438153	-1.240342425	1	1	HETD	1	0
chr2	186643004	188338094	186656657	188332692	25	0.608108	0.101485	5	GAIN	3	1	2	2	0.580372751	2.50212793	0.289644452	0.767878981	3	GAIN	2	1
chr2	188338095	197714641	188343497	197566068	25	0.622222	0.058103	3	HET	2	1	1	NA	NA	2.184830725	0.094010406	0.695330309	2	NEUT	1	1
chr2	197714642	219111290	197863214	219000734	132	0.742114	-0.413913	1	DLOH	1	0	1	1	1	1.210491807	-0.757917788	1	1	HETD	1	0
chr2	219111291	221403940	219221846	220506522	75	0.606299	0.545235	5	GAIN	3	1	2	1	1	3.58729552	0.809385496	0.645024512	3	GAIN	2	1
chr2	221403941	236712086	222301357	236708166	138	0.765686	-0.555232	1	DLOH	1	0	1	1	1	0.975595561	-1.069156004	1	1	HETD	1	0
chr2	236712087	237595616	236716006	236957822	3	0.765306	0.167035	2	NLOH	2	0	2	1	1	2.458684067	0.264375263	0.906325605	2	NEUT	2	0
chr2	237595617	239669861	238233410	239335851	22	0.634286	0.626182	7	ASCNA	4	1	3	1	1	3.869748598	0.918728741	0.67963661	4	AMP	3	1
chr2	239669862	243199373	240003870	242758179	66	0.764706	-0.504454	1	DLOH	1	0	1	1	1	1.057361444	-0.953042476	1	1	HETD	1	0
chr3	1	5982408	361508	4776784	32	0.592113	-0.160526	1	DLOH	1	0	1	2	0.580372751	1.472464236	-0.475278508	0.823439694	1	HETD	1	0
chr3	5982409	14537373	7188033	14526538	95	0.545455	0.076013	3	HET	2	1	1	NA	NA	2.228447908	0.122528134	0.572112187	2	NEUT	1	1
chr3	14537374	74382869	14548208	74352061	461	0.555556	0.095796	5	GAIN	3	1	2	2	0.580372751	2.477727599	0.275506484	0.638469833	3	GAIN	2	1
chr3	74382870	76037220	74413676	74474166	3	0.615385	-0.164023	3	HET	2	1	1	NA	NA	1.686567896	-0.279420705	0.704793884	2	NEUT	1	1
chr3	76037221	87733578	77600273	86010600	5	0.891892	3.061259	20	ALOH	8	0	8	1	1	26.68796777	3.704606444	0.911082489	27	HLAMP	25	2
chr3	87733579	198022430	89456555	196746629	830	0.565789	0.215577	5	GAIN	3	1	2	2	0.580372751	3.012347006	0.557376868	0.646549289	3	GAIN	2	1
chr4	1	591320	155713	533001	11	0.622222	0.041725	2	NLOH	2	0	2	2	0.580372751	2.250555736	0.136770192	0.823043031	2	NEUT	2	0
chr4	591321	3858789	649639	3526786	81	0.625	-0.215593	1	DLOH	1	0	1	2	0.580372751	1.278834534	-0.678681494	0.98644751	1	HETD	1	0
chr4	3858790	26538928	4190792	26491974	167	0.625	-0.091066	2	NLOH	2	0	2	2	0.580372751	1.727484155	-0.244838624	0.892574991	2	NEUT	2	0
chr4	26538929	79625285	26585881	79417863	230	0.575379	0.263424	5	GAIN	3	1	2	2	0.580372751	3.238622332	0.661869137	0.66144659	3	GAIN	2	1
chr4	79625286	191154276	79832706	190862287	421	0.755319	-0.423494	1	DLOH	1	0	1	2	0.580372751	0.610943112	-1.744401147	1	1	HETD	1	0
chr5	1	7605817	224418	7520881	61	0.680851	0.17376	4	ALOH	3	0	3	2	0.580372751	2.82064137	0.462512144	0.917946124	3	GAIN	3	0
chr5	7605818	29145320	7690754	26988424	79	0.704545	0.048219	2	NLOH	2	0	2	2	0.580372751	2.277391645	0.153871312	1	2	NEUT	2	0
chr5	29145321	115340348	31302215	115339086	528	0.564962	0.119247	5	GAIN	3	1	2	2	0.580372751	2.578931929	0.333262591	0.658109046	3	GAIN	2	1
chr5	115340349	132307953	115341611	132069847	87	0.602041	0.011426	2	NLOH	2	0	2	2	0.580372751	2.126931948	0.055262772	0.779447975	2	NEUT	2	0
chr5	132307954	140154977	132546059	140081791	74	0.6	-0.13542	1	DLOH	1	0	1	2	0.580372751	1.563226317	-0.388984442	0.836552598	1	HETD	1	0
chr5	140154978	140913601	140228164	140871425	38	0.58046	0.166939	5	GAIN	3	1	2	2	0.580372751	2.789894953	0.4466997	0.687105309	3	GAIN	2	1
chr5	140913602	147377144	140955777	147286054	43	0.583333	-0.105985	1	DLOH	1	0	1	2	0.580372751	1.671669497	-0.292221459	0.767671555	1	HETD	1	0
chr5	147377145	148298605	147468234	148207447	41	0.660377	-0.108196	2	NLOH	2	0	2	2	0.580372751	1.663446748	-0.299335421	1	2	NEUT	2	0
chr5	148298606	180915260	148389763	180627250	298	0.587868	-0.251909	1	DLOH	1	0	1	2	0.580372751	1.155123294	-0.825464254	0.869156501	1	HETD	1	0
chr6	1	26247518	549364	26124430	209	0.809524	-0.11411	2	NLOH	2	0	2	1	1	1.791944671	-0.191985009	1	2	NEUT	2	0
chr6	26247519	26428298	26370605	26393021	13	0.809524	-0.412368	1	DLOH	1	0	1	1	1	1.213189133	-0.754706621	1	1	HETD	1	0
chr6	26428299	31017113	26463575	28403603	55	0.809524	-0.183775	2	NLOH	2	0	2	1	1	1.645863771	-0.314666174	1	2	NEUT	2	0
chr6	31017114	39492297	33630624	39325078	120	0.753788	-0.520645	1	DLOH	1	0	1	1	1	1.030976515	-0.989499634	1	1	HETD	1	0
chr6	39492298	57319009	39659516	57244893	178	0.5625	0.106397	5	GAIN	3	1	2	2	0.580372751	2.523273221	0.301785328	0.65409364	3	GAIN	2	1
chr6	57319010	61264620	57393125	57512510	13	0.707317	0.222892	4	ALOH	3	0	3	2	0.580372751	3.046456613	0.573621091	0.958962691	3	GAIN	3	0
chr6	61264621	72485800	65016731	72011086	40	0.598077	0.003357	3	HET	2	1	1	NA	NA	2.05481321	0.005496151	0.660454788	2	NEUT	1	1
chr6	72485801	83300126	72960513	82933309	44	0.75	-0.406314	1	DLOH	1	0	1	1	1	1.223786344	-0.742159396	1	1	HETD	1	0
chr6	83300127	90877259	83666943	90497589	63	0.816901	-0.165815	2	NLOH	2	0	2	1	1	1.682851985	-0.282602812	1	2	NEUT	2	0
chr6	90877260	98525151	91256928	97726878	11	0.690476	-0.475545	1	DLOH	1	0	1	1	1	1.105214376	-0.889184869	0.915707374	1	HETD	1	0
chr6	98525152	103879195	99323424	102513865	13	0.587629	-0.051036	3	HET	2	1	1	NA	NA	1.930429046	-0.084589574	0.646952827	2	NEUT	1	1
chr6	103879196	152506110	105244526	152489294	250	0.611111	0.390789	5	GAIN	3	1	2	1	1	3.090425902	0.594294572	0.658097584	3	GAIN	2	1
chr6	152506111	156962208	152522926	155597147	38	0.56125	0.637704	8	BCNA	4	2	2	1	1	3.911256959	0.934121218	0.581715619	4	AMP	2	2
chr6	156962209	161170963	158327269	160872151	56	0.761791	-0.482994	1	DLOH	1	0	1	1	1	1.092792227	-0.905491975	1	1	HETD	1	0
chr6	161170964	166821243	161469774	166780349	18	0.813756	-0.036623	2	NLOH	2	0	2	1	1	1.962932907	-0.06050024	1	2	NEUT	2	0
chr6	166821244	169040303	166862136	168462765	20	0.74537	-0.513559	1	DLOH	1	0	1	1	1	1.042487464	-0.973481068	1	1	HETD	1	0
chr6	169040304	170162847	169617840	170159023	16	0.561834	0.433963	5	GAIN	3	1	2	1	1	3.224008166	0.655344296	0.586898922	3	GAIN	2	1
chr6	170162848	171115067	170166672	170892100	15	0.736842	-0.480502	1	DLOH	1	0	1	1	1	1.096940815	-0.900025415	1	1	HETD	1	0
chr7	1	5096344	195501	4959807	61	0.564103	-0.040803	3	HET	2	1	1	NA	NA	1.953472814	-0.067469924	0.606988071	2	NEUT	1	1
chr7	5096345	7529951	5232881	7514331	27	0.626984	0.65452	8	BCNA	4	2	2	1	1	3.972435204	0.956512585	0.668760046	4	AMP	2	2
chr7	7529952	38836903	7545571	38816441	221	0.612903	0.474636	5	GAIN	3	1	2	1	1	3.353562256	0.712183282	0.656901134	3	GAIN	2	1
chr7	38836904	39574788	38857364	39500521	5	0.505	0.913393	11	UBCNA	5	2	3	1	1	5.010050631	1.291314081	0.506304257	5	HLAMP	3	2
chr7	39574789	39935107	39649055	39649707	4	0.589205	1.223852	19	UBCNA	7	3	4	1	1	6.526759048	1.672855677	0.607066864	7	HLAMP	4	3
chr7	39935108	49317336	40220507	48563752	81	0.602484	0.498486	5	GAIN	3	1	2	1	1	3.431246965	0.745221866	0.641517657	3	GAIN	2	1
chr7	49317337	55729533	50070921	55467923	21	0.615385	0.773733	8	BCNA	4	2	2	1	1	4.4272069	1.112885695	0.649445788	4	AMP	2	2
chr7	55729534	136247236	55991144	135418626	544	0.586207	0.328407	5	GAIN	3	1	2	1	1	2.904339057	0.504698783	0.624997946	3	GAIN	2	1
chr7	136247237	144280972	137075847	144098992	66	0.710258	-0.813634	1	DLOH	1	0	1	1	1	0.601300469	-1.767353114	1	1	HETD	1	0
chr7	144280973	147993716	144462951	147674912	5	0.769231	-1.363758	0	HOMD	0	0	0	1	1	0.015625	-7.033511102	1	0	HOMD	0	0
chr7	147993717	159138663	148312520	158902425	97	0.676471	-0.860703	1	DLOH	1	0	1	1	1	0.540049331	-1.922348002	1	1	HETD	1	0
chr8	1	21658834	566417	21550768	158	0.836036	0.066195	2	NLOH	2	0	2	1	1	2.204470564	0.106921111	1	2	NEUT	2	0
chr8	21658835	28525520	21766900	28013579	131	0.640212	0.56317	8	BCNA	4	2	2	1	1	3.648517661	0.833799335	0.690435142	4	AMP	2	2
chr8	28525521	38274299	29037461	38178767	43	0.59434	0.347473	5	GAIN	3	1	2	1	1	2.960361957	0.532262479	0.635987238	3	GAIN	2	1
chr8	38274300	40173828	38369831	39792914	15	0.621622	-0.071118	3	HET	2	1	1	NA	NA	1.885678615	-0.118427291	0.705912691	2	NEUT	1	1
chr8	40173829	45725135	40554742	42608563	36	0.785714	-0.462998	1	DLOH	1	0	1	1	1	1.126283633	-0.861940914	1	1	HETD	1	0
chr8	45725136	55485771	48841708	53092553	8	0.584101	0.094416	3	HET	2	1	1	NA	NA	2.273833337	0.151615412	0.632437776	2	NEUT	1	1
chr8	55485772	58604214	57878990	57878990	1	0.634615	1.137812	14	UBCNA	6	2	4	1	1	6.073231811	1.568953334	0.663582349	6	HLAMP	4	2
chr8	58604215	63108100	59329438	62556590	16	0.757353	-0.394138	1	DLOH	1	0	1	1	1	1.24523493	-0.717093151	1	1	HETD	1	0
chr8	63108101	65228109	63659610	63938764	4	0.77161	0.244378	5	GAIN	3	1	2	1	1	2.666065375	0.381201055	0.904750477	3	GAIN	2	1
chr8	65228110	66827962	66517454	66691934	5	0.715116	0.992801	10	ASCNA	5	1	4	1	1	5.367490198	1.390736549	0.767492516	5	HLAMP	4	1
chr8	66827963	68173052	66963989	67380528	10	0.557778	0.315239	5	GAIN	3	1	2	1	1	2.866076634	0.485566083	0.584123707	3	GAIN	2	1
chr8	68173053	71428206	68965576	70744812	15	0.791667	-0.203739	2	NLOH	2	0	2	1	1	1.605285166	-0.350681499	1	2	NEUT	2	0
chr8	71428207	72979462	72111599	72977703	11	0.59	0.395482	5	GAIN	3	1	2	1	1	3.104753358	0.600967563	0.62788354	3	GAIN	2	1
chr8	72979463	75063418	72981221	74893880	9	0.583333	0.795875	11	UBCNA	5	2	3	1	1	4.51589052	1.141499409	0.607449194	5	HLAMP	3	2
chr8	75063419	79222365	75232955	77765865	8	0.75266	-0.186915	2	NLOH	2	0	2	2	0.580372751	1.378751277	-0.57014888	1	2	NEUT	2	0
chr8	79222366	80822302	80678865	80678865	1	0.633333	1.168315	22	UBCNA	8	2	6	2	0.580372751	9.290023915	2.182171208	0.686405604	9	HLAMP	6	3
chr8	80822303	89425395	80965739	87917236	19	0.59375	0.092884	5	GAIN	3	1	2	2	0.580372751	2.465275105	0.268237546	0.734372711	3	GAIN	2	1
chr8	89425396	92687119	90933554	92401457	11	0.714286	1.111445	21	ASCNA	8	1	7	2	0.580372751	8.788010682	2.102025521	0.804454076	9	HLAMP	7	2
chr8	92687120	96665879	92972780	96088038	29	0.628571	-0.095067	2	NLOH	2	0	2	2	0.580372751	1.712459012	-0.257441645	0.90620485	2	NEUT	2	0
chr8	96665880	100114396	97243720	99208244	14	0.625	-0.279708	1	DLOH	1	0	1	2	0.580372751	1.062507446	-0.94603815	1	1	HETD	1	0
chr8	100114397	111921096	101020548	110598198	71	0.625	0.432229	5	GAIN	3	1	2	1	1	3.218565687	0.65290681	0.675755462	3	GAIN	2	1
chr8	111921097	115130749	113243995	113662299	17	0.622222	0.75226	14	UBCNA	6	2	4	2	0.580372751	6.036187198	1.560126446	0.697096902	6	HLAMP	4	2
chr8	115130750	118502301	116599199	118185025	4	0.713801	-0.325242	1	DLOH	1	0	1	2	0.580372751	0.914608347	-1.162285111	1	1	HETD	1	0
chr8	118502302	122807363	118819578	121587165	21	0.566667	0.294332	5	GAIN	3	1	2	2	0.580372751	3.388831209	0.727276679	0.63941324	3	GAIN	2	1
chr8	122807364	143513888	124027562	143413136	147	0.567742	0.017089	3	HET	2	1	1	NA	NA	2.086963554	0.027894303	0.610162746	2	NEUT	1	1
chr8	143513889	145412584	143614641	145247168	52	0.560475	0.381742	8	BCNA	4	2	2	2	0.580372751	3.831473159	0.904388097	0.618840965	4	AMP	2	2
chr8	145412585	146364022	145577999	146076708	42	0.784161	-0.622253	1	DLOH	1	0	1	1	1	0.871987495	-1.231131751	1	1	HETD	1	0
chr9	1	3048035	215269	2833267	39	0.797297	-0.443489	1	DLOH	1	0	1	1	1	1.159409801	-0.820120516	1	1	HETD	1	0
chr9	3048036	4382344	3262803	4118111	6	0.825758	0.067819	2	NLOH	2	0	2	1	1	2.208425413	0.109507006	1	2	NEUT	2	0
chr9	4382345	32442076	4646577	32433965	104	0.769231	-0.509038	1	DLOH	1	0	1	1	1	1.049861262	-0.963312412	1	1	HETD	1	0
chr9	32442077	33867553	32450187	33799370	27	0.592593	0.272778	5	GAIN	3	1	2	2	0.580372751	3.283742459	0.68182988	0.696862825	3	GAIN	2	1
chr9	33867554	54938171	33935736	38397355	89	0.583333	-0.226091	1	DLOH	1	0	1	2	0.580372751	1.242752318	-0.719972309	0.831293221	1	HETD	1	0
chr9	54938172	72022903	71478986	71998391	14	0.753788	0.761335	13	ASCNA	6	1	5	2	0.580372751	6.097610314	1.574732851	0.90769593	6	HLAMP	5	1
chr9	72022904	72597947	72047415	72472831	6	0.784314	0.966342	21	ASCNA	8	1	7	2	0.580372751	7.593298526	1.891215626	0.922771776	8	HLAMP	7	1
chr9	72597948	76454126	72723062	75554952	26	0.747449	0.39202	6	ALOH	4	0	4	2	0.580372751	3.885304855	0.9245167	0.98295945	4	AMP	4	0
chr9	76454127	89643475	77353300	88943171	59	0.771429	0.31947	4	ALOH	3	0	3	2	0.580372751	3.513394012	0.779354275	1	3	GAIN	3	0
chr9	89643476	129215134	90343780	129184091	325	0.621622	-0.279651	1	DLOH	1	0	1	2	0.580372751	1.062695529	-0.94578279	1	1	HETD	1	0
chr9	129215135	132252981	129246177	131940019	99	0.746269	0.197622	4	ALOH	3	0	3	2	0.580372751	2.929353024	0.517070964	1	3	GAIN	3	0
chr9	132252982	141213431	132565943	141016531	266	0.636364	-0.284311	1	DLOH	1	0	1	2	0.580372751	1.047343453	-0.966776483	1	1	HETD	1	0
chr10	1	15182141	696237	15106441	81	0.75	-0.52712	1	DLOH	1	0	1	1	1	1.020507434	-1.004224411	1	1	HETD	1	0
chr10	15182142	26543572	15257841	26505822	81	0.837838	0.110435	2	NLOH	2	0	2	1	1	2.313813407	0.176761423	1	2	NEUT	2	0
chr10	26543573	34651842	26581321	34636820	47	0.776119	-0.436545	1	DLOH	1	0	1	1	1	1.171309187	-0.805389152	1	1	HETD	1	0
chr10	34651843	49018188	34666864	48426798	50	0.596512	0.314705	5	GAIN	3	1	2	1	1	2.86453234	0.484788523	0.640543424	3	GAIN	2	1
chr10	49018189	53339208	49609578	52603659	52	0.684659	0.141077	2	NLOH	2	0	2	2	0.580372751	2.674630685	0.385828595	0.939962187	2	NEUT	2	0
chr10	53339209	80362658	54074757	79616360	161	0.767857	-0.492898	1	DLOH	1	0	1	1	1	1.076375073	-0.927330216	1	1	HETD	1	0
chr10	80362659	111994304	81108956	111647738	304	0.835777	0.015037	2	NLOH	2	0	2	1	1	2.082139795	0.024555832	1	2	NEUT	2	0
chr10	111994305	122953704	112340871	122668296	110	0.716063	0.270015	4	ALOH	3	0	3	2	0.580372751	3.270384344	0.675949093	0.960367342	3	GAIN	3	0
chr10	122953705	123438025	123239112	123279795	5	0.852941	0.801001	16	ALOH	7	0	7	2	0.580372751	6.370667012	1.637933329	1	7	HLAMP	7	0
chr10	123438026	124719892	123596254	124697198	27	0.664336	0.062774	2	NLOH	2	0	2	2	0.580372751	2.337979547	0.191751207	0.924257128	2	NEUT	2	0
chr10	124719893	127715403	124742586	127706028	35	0.74026	0.559222	10	ASCNA	5	1	4	2	0.580372751	4.81711285	1.23465762	0.924695379	5	HLAMP	4	1
chr10	127715404	129649926	127724778	129536575	18	0.809392	0.958974	16	ALOH	7	0	7	2	0.580372751	7.535780394	1.88024582	0.961212503	7	HLAMP	7	0
chr10	129649927	134587863	129763277	134137638	28	0.714238	0.293797	4	ALOH	3	0	3	2	0.580372751	3.386203715	0.726157666	0.948193362	3	GAIN	3	0
chr10	134587864	135534747	135038088	135213263	12	0.78844	0.519948	9	ALOH	5	0	5	2	0.580372751	4.588439495	1.164492481	1	5	HLAMP	5	0
chr11	1	6575338	199256	6565669	186	0.602877	-0.198819	1	DLOH	1	0	1	2	0.580372751	1.337035422	-0.614473415	0.887404965	1	HETD	1	0
chr11	6575339	6798213	6585007	6789929	16	0.574258	0.060587	5	GAIN	3	1	2	2	0.580372751	2.328836683	0.186098367	0.692168857	3	GAIN	2	1
chr11	6798214	36382260	6806496	36311014	277	0.605042	-0.152013	1	DLOH	1	0	1	2	0.580372751	1.503063234	-0.445605397	0.863467467	1	HETD	1	0
chr11	36382261	52842528	36453506	50003191	73	0.563758	0.095519	5	GAIN	3	1	2	2	0.580372751	2.476541991	0.27481598	0.658958355	3	GAIN	2	1
chr11	52842529	65739710	55681865	65735174	247	0.601852	-0.133353	1	DLOH	1	0	1	2	0.580372751	1.570769452	-0.382039656	0.841628543	1	HETD	1	0
chr11	65739711	70716423	65744247	70282629	112	0.549648	0.156733	5	GAIN	3	1	2	2	0.580372751	2.744160899	0.422853971	0.616550411	3	GAIN	2	1
chr11	70716424	77195930	71150217	77090518	75	0.612903	-0.124995	1	DLOH	1	0	1	2	0.580372751	1.601380872	-0.354194624	0.873614642	1	HETD	1	0
chr11	77195931	80362743	77301341	77850517	22	0.889333	1.794641	20	ALOH	8	0	8	1	1	10.32870267	2.335076049	0.938594836	10	HLAMP	9	1
chr11	80362744	113567046	82874970	113563688	158	0.666667	-0.906139	1	DLOH	1	0	1	1	1	0.482788904	-2.084046679	1	1	HETD	1	0
chr11	113567047	113830284	113570405	113803887	7	0.6875	-1.19538	0	HOMD	0	0	0	1	1	0.15766448	-3.698581521	1	0	HOMD	0	0
chr11	113830285	118042410	113856681	118016068	42	0.694639	-0.887247	1	DLOH	1	0	1	1	1	0.506378598	-2.015222767	1	1	HETD	1	0
chr11	118042411	118109490	118068752	118108003	6	0.73	-1.31041	0	HOMD	0	0	0	1	1	0.045426475	-5.49383392	1	0	HOMD	0	0
chr11	118109491	135006516	118110977	134241094	198	0.680195	-0.907146	1	DLOH	1	0	1	1	1	0.481540153	-2.087783095	1	1	HETD	1	0
chr12	1	39165218	275065	39096664	346	0.5625	0.103237	5	GAIN	3	1	2	2	0.580372751	2.509661722	0.293981814	0.654590411	3	GAIN	2	1
chr12	39165219	52820248	39233771	52818504	209	0.568627	0.04197	3	HET	2	1	1	NA	NA	2.146002044	0.068140348	0.610419662	2	NEUT	1	1
chr12	52820249	54726781	52821992	54651471	100	0.549556	0.14282	5	GAIN	3	1	2	2	0.580372751	2.682334289	0.389977943	0.617873651	3	GAIN	2	1
chr12	54726782	57971946	54802090	57968738	85	0.546392	0.007654	3	HET	2	1	1	NA	NA	2.064840777	0.012519435	0.575754409	2	NEUT	1	1
chr12	57971947	69908292	57975155	69744104	76	0.564585	0.164834	5	GAIN	3	1	2	2	0.580372751	2.780435747	0.441799896	0.650480098	3	GAIN	2	1
chr12	69908293	81088808	70072479	81066851	51	0.553719	-0.000422	3	HET	2	1	1	NA	NA	2.046019107	-0.000691485	0.588031581	2	NEUT	1	1
chr12	81088809	106051761	81110765	105623073	155	0.571429	0.213731	5	GAIN	3	1	2	1	1	2.582558704	0.335290041	0.607574939	3	GAIN	2	1
chr12	106051762	133851895	106480450	133768273	313	0.566667	-0.02016	3	HET	2	1	1	NA	NA	2.00045935	-0.033179789	0.610219825	2	NEUT	1	1
chr13	1	22003028	21063524	21750890	10	0.546165	0.245496	5	GAIN	3	1	2	2	0.580372751	3.152957912	0.62319481	0.600308241	3	GAIN	2	1
chr13	22003029	24718344	22255167	24415443	11	0.592593	-0.002569	3	HET	2	1	1	NA	NA	2.04103308	-0.004211538	0.651880517	2	NEUT	1	1
chr13	24718345	33270999	25021245	33232435	103	0.607143	0.430529	5	GAIN	3	1	2	1	1	3.213236269	0.650515964	0.650719896	3	GAIN	2	1
chr13	33271000	95899712	33309563	95899354	205	0.764706	-0.432272	1	DLOH	1	0	1	1	1	1.178660008	-0.796363479	1	1	HETD	1	0
chr13	95899713	95993041	95900071	95900071	1	0.789474	1.37554	17	ASCNA	7	1	6	1	1	7.39526239	1.853090234	0.840629357	7	HLAMP	6	1
chr13	95993042	115169878	96086010	115064542	151	0.75	-0.486788	1	DLOH	1	0	1	1	1	1.086489863	-0.913836388	1	1	HETD	1	0
chr14	1	20528774	20215989	20528528	7	0.778947	0.159289	4	ALOH	3	0	3	2	0.580372751	2.755584228	0.428847123	1	3	GAIN	3	0
chr14	20528775	27674386	20529019	25281843	173	0.54902	0.107125	5	GAIN	3	1	2	2	0.580372751	2.526413263	0.303579548	0.620769436	3	GAIN	2	1
chr14	27674387	92302653	30066929	92268531	410	0.581818	-0.031522	3	HET	2	1	1	NA	NA	1.974514585	-0.052013078	0.635971142	2	NEUT	1	1
chr14	92302654	107349540	92336775	105916797	158	0.589572	0.208772	5	GAIN	3	1	2	2	0.580372751	2.980770421	0.542174161	0.700692279	3	GAIN	2	1
chr15	1	87884459	22866621	87099537	527	0.757576	-0.489671	1	DLOH	1	0	1	1	1	1.081711868	-0.920194839	1	1	HETD	1	0
chr15	87884460	102531392	88669382	101970091	123	0.566038	0.043112	3	HET	2	1	1	NA	NA	2.148736336	0.069977363	0.60620283	2	NEUT	1	1
chr16	1	1858108	115041	1843494	56	0.6	-0.189124	1	DLOH	1	0	1	2	0.580372751	1.370984121	-0.57829924	0.869722486	1	HETD	1	0
chr16	1858109	8157189	1872722	7726691	145	0.615385	-0.047399	2	NLOH	2	0	2	2	0.580372751	1.894206812	-0.111917248	0.840638496	2	NEUT	2	0
chr16	8157190	11399200	8587688	11154770	27	0.614286	-0.080831	1	DLOH	1	0	1	2	0.580372751	1.766110306	-0.21293565	0.853576131	1	HETD	1	0
chr16	11399201	27291320	11643631	27226437	156	0.5625	0.032906	3	HET	2	1	1	NA	NA	2.124376684	0.053528498	0.600948875	2	NEUT	1	1
chr16	27291321	30389961	27356203	30386262	50	0.561579	0.150695	5	GAIN	3	1	2	2	0.580372751	2.717255979	0.408639379	0.645380474	3	GAIN	2	1
chr16	30389962	39262335	30393660	31819168	36	0.546662	0.070067	3	HET	2	1	1	NA	NA	2.213907211	0.113083655	0.574206766	2	NEUT	1	1
chr16	39262336	62370398	46705502	58327646	140	0.772662	-0.509091	1	DLOH	1	0	1	1	1	1.049774685	-0.96343139	1	1	HETD	1	0
chr16	62370399	70080514	66413150	69970000	41	0.55814	0.283459	5	GAIN	3	1	2	1	1	2.775158929	0.439059293	0.585519299	3	GAIN	2	1
chr16	70080515	71948224	70191029	71928850	34	0.75	-0.596707	1	DLOH	1	0	1	1	1	0.910912581	-1.168126589	1	1	HETD	1	0
chr16	71948225	72031574	71967599	72020323	17	0.610169	0.270347	5	GAIN	3	1	2	1	1	2.738227229	0.41973107	0.662749544	3	GAIN	2	1
chr16	72031575	72573597	72042825	72162855	23	0.758621	-0.489015	1	DLOH	1	0	1	1	1	1.082798217	-0.918746685	1	1	HETD	1	0
chr16	72573598	75102112	72984340	74999898	25	0.571429	0.244783	5	GAIN	3	1	2	1	1	2.667180834	0.38180454	0.606428131	3	GAIN	2	1
chr16	75102113	76879055	75204325	76532392	17	0.743243	-0.516708	1	DLOH	1	0	1	1	1	1.037365047	-0.980587436	1	1	HETD	1	0
chr16	76879056	79943685	77225718	79245465	25	0.58	0.455348	5	GAIN	3	1	2	1	1	3.291669512	0.685308392	0.611762078	3	GAIN	2	1
chr16	79943686	83423785	80641906	83065965	49	0.771429	-0.535252	1	DLOH	1	0	1	1	1	1.007425625	-1.022837769	1	1	HETD	1	0
chr16	83423786	84211218	83781604	84209864	17	0.564885	0.104287	5	GAIN	3	1	2	1	1	2.298416771	0.167129323	0.60177857	3	GAIN	2	1
chr16	84211219	85064749	84212571	85023855	38	0.69703	0.874443	10	ASCNA	5	1	4	1	1	4.841787275	1.242028593	0.750211649	5	HLAMP	4	1
chr16	85064750	86202349	85105643	85839211	11	0.526316	0.055223	5	GAIN	3	1	2	1	1	2.177867305	0.089404953	0.542107508	3	GAIN	2	1
chr16	86202350	90354753	86565486	90102835	95	0.761905	-0.486198	1	DLOH	1	0	1	1	1	1.087468848	-0.912537029	1	1	HETD	1	0
chr17	1	18060876	423051	17957348	409	0.860759	0.319403	4	ALOH	3	0	3	1	1	2.878138286	0.491624808	1	3	GAIN	3	0
chr17	18060877	20185313	18164404	19463343	28	0.626757	1.619942	23	UBCNA	8	3	5	1	1	9.001691916	2.136685087	0.64515976	9	HLAMP	6	3
chr17	20185314	23954417	20907282	21217513	16	0.67436	0.868873	11	UBCNA	5	2	3	1	1	4.818094091	1.234951465	0.721654075	5	HLAMP	3	2
chr17	23954418	48353492	26691321	48273903	383	0.56701	-0.043703	3	HET	2	1	1	NA	NA	1.946925677	-0.072313291	0.611990616	2	NEUT	1	1
chr17	48353493	48504744	48433081	48469724	8	0.708821	0.798091	13	ASCNA	6	1	5	2	0.580372751	6.35037869	1.633331524	0.830418354	6	HLAMP	5	1
chr17	48504745	76514594	48539763	76503624	449	0.558824	-0.006495	3	HET	2	1	1	NA	NA	2.031934807	-0.010656987	0.596657797	2	NEUT	1	1
chr17	76514595	81195210	76525565	81006387	78	0.550791	0.124443	5	GAIN	3	1	2	2	0.580372751	2.601579109	0.345876475	0.622984701	3	GAIN	2	1
chr18	1	1762084	196829	907710	21	0.863636	0.150574	2	NLOH	2	0	2	1	1	2.415963575	0.239087601	1	2	NEUT	2	0
chr18	1762085	2787117	2616457	2778382	10	0.623919	0.427713	5	GAIN	3	1	2	1	1	3.204422052	0.646553074	0.674457615	3	GAIN	2	1
chr18	2787118	7407023	2795852	7039943	29	0.643564	0.696316	7	ASCNA	4	1	3	1	1	4.127618062	1.011798379	0.689018951	4	AMP	3	1
chr18	7407024	8011072	7774104	7774104	1	0.583333	-0.132111	3	HET	2	1	1	NA	NA	1.753519815	-0.223257369	0.645440134	2	NEUT	1	1
chr18	8011073	13379576	8248041	13116432	63	0.722892	0.310645	4	ALOH	3	0	3	2	0.580372751	3.469417285	0.761182269	0.960459771	3	GAIN	3	0
chr18	13379577	26601389	13642721	24628305	53	0.636364	0.478848	7	ASCNA	4	1	3	2	0.580372751	4.355707532	1.089395984	0.752132552	4	AMP	3	1
chr18	26601390	54789988	28574472	54361837	122	0.82822	0.126529	2	NLOH	2	0	2	1	1	2.354430201	0.201866851	1	2	NEUT	2	0
chr18	54789989	61321056	55218139	61264468	64	0.666667	-0.907687	1	DLOH	1	0	1	1	1	0.480869635	-2.089793368	1	1	HETD	1	0
chr18	61321057	61428179	61377644	61388052	7	0.75	-1.194779	0	HOMD	0	0	0	1	1	0.158274709	-3.693008457	1	0	HOMD	0	0
chr18	61428180	78077248	61468306	77894844	64	0.694417	-0.860313	1	DLOH	1	0	1	1	1	0.540548673	-1.921014667	1	1	HETD	1	0
chr19	1	9039533	281360	9033548	334	0.580123	0.275454	5	GAIN	3	1	2	2	0.580372751	3.296704371	0.687513418	0.669995491	3	GAIN	2	1
chr19	9039534	9150899	9045518	9088772	52	0.58318	-0.069417	3	HET	2	1	1	NA	NA	1.889444998	-0.11554858	0.64071337	2	NEUT	1	1
chr19	9150900	20097058	9213026	20044041	339	0.580645	0.321122	5	GAIN	3	1	2	1	1	2.883127788	0.49412368	0.617200161	3	GAIN	2	1
chr19	20097059	32333745	20150075	31768416	21	0.588235	0.504607	8	BCNA	4	2	2	1	1	3.45139237	0.753667393	0.621645402	4	AMP	2	2
chr19	32333746	33422800	32899074	33406442	21	0.689189	0.192431	4	ALOH	3	0	3	2	0.580372751	2.905550345	0.50530035	0.92996714	3	GAIN	3	0
chr19	33422801	38784831	33439158	38708329	85	0.647059	0.038987	2	NLOH	2	0	2	2	0.580372751	2.239277332	0.129522113	0.889906314	2	NEUT	2	0
chr19	38784832	56799911	38861333	56703248	528	0.6	-0.20893	1	DLOH	1	0	1	2	0.580372751	1.301872221	-0.652923248	0.884041122	1	HETD	1	0
chr19	56799912	59128983	56896574	58718269	50	0.666277	0.030505	2	NLOH	2	0	2	2	0.580372751	2.204473727	0.106923181	0.945195186	2	NEUT	2	0
chr20	1	16896968	138125	16359650	157	0.592593	-0.199719	1	DLOH	1	0	1	2	0.580372751	1.333895475	-0.617865482	0.849281218	1	HETD	1	0
chr20	16896969	24372425	17434286	23807028	48	0.645447	0.121663	2	NLOH	2	0	2	2	0.580372751	2.589452112	0.339135776	0.853151767	2	NEUT	2	0
chr20	24372426	31334457	24937822	31294655	37	0.651316	0.512288	7	ASCNA	4	1	3	2	0.580372751	4.544559959	1.150629505	0.774439965	4	AMP	3	1
chr20	31334458	31447085	31374259	31427635	14	0.587555	0.769417	15	BCNA	6	3	3	2	0.580372751	6.15263864	1.587694159	0.640177215	6	HLAMP	3	3
chr20	31447086	32077768	31466534	31891003	44	0.542929	0.492001	8	BCNA	4	2	2	2	0.580372751	4.429467277	1.113622097	0.57876742	4	AMP	2	2
chr20	32077769	33649929	32264533	33642732	24	0.659221	1.083657	14	UBCNA	6	2	4	2	0.580372751	8.549819585	2.062382875	0.728085116	6	HLAMP	4	2
chr20	33649930	34106503	33657126	34096725	23	0.675926	1.27069	18	UBCNA	7	2	5	1	1	6.785256437	1.728892238	0.709810331	7	HLAMP	5	2
chr20	34106504	36187204	34116282	35812526	24	0.578784	0.316229	5	GAIN	3	1	2	1	1	2.868941164	0.487007279	0.614672188	3	GAIN	2	1
chr20	36187205	36755780	36561882	36718059	7	0.850746	2.049631	21	ASCNA	8	1	7	1	1	12.57818012	2.619340193	0.88718866	13	HLAMP	12	1
chr20	36755781	37521862	36793501	37396120	17	0.804598	-0.314235	1	DLOH	1	0	1	1	1	1.390570056	-0.557834674	1	1	HETD	1	0
chr20	37521863	38628515	37647605	37647605	1	0.8125	1.74857	21	ASCNA	8	1	7	1	1	9.963002426	2.283069472	0.853491606	10	HLAMP	9	1
chr20	38628516	40857042	39609426	40733082	10	0.578496	0.933068	11	UBCNA	5	2	3	1	1	5.096788938	1.316077509	0.598623323	5	HLAMP	3	2
chr20	40857043	41755830	40981002	41306600	4	0.593101	0.670268	5	GAIN	3	1	2	1	1	4.030378179	0.977404114	0.62328965	3	GAIN	2	1
chr20	41755831	43589158	42205061	43577644	34	0.854658	0.083013	2	NLOH	2	0	2	1	1	2.245643099	0.133617556	1	2	NEUT	2	0
chr20	43589159	45804572	43600673	45717954	53	0.592157	0.771171	8	BCNA	4	2	2	1	1	4.4170331	1.109566541	0.619423715	4	AMP	2	2
chr20	45804573	49159255	45891189	49127282	39	0.588542	1.286232	19	UBCNA	7	3	4	1	1	6.8729034	1.74740858	0.605378206	7	HLAMP	4	3
chr20	49159256	49728777	49191228	49236478	6	0.532464	1.029672	11	UBCNA	5	2	3	1	1	5.540265641	1.436444049	0.540121845	5	HLAMP	3	2
chr20	49728778	53870867	50221076	52782438	11	0.730882	1.431629	22	UBCNA	8	2	6	1	1	7.740246304	1.918868373	0.769864568	8	HLAMP	6	2
chr20	53870868	56084084	54959296	56078690	22	0.763305	-0.132405	2	NLOH	2	0	2	1	1	1.752896214	-0.223770523	0.959613024	2	NEUT	2	0
chr20	56084085	56510610	56089479	56227514	16	0.546918	0.540511	11	UBCNA	5	2	3	2	0.580372751	4.707391258	1.201416666	0.583774049	5	HLAMP	3	2
chr20	56510611	57743107	56793706	57610059	13	0.701754	0.045178	2	NLOH	2	0	2	2	0.580372751	2.264809929	0.145878877	1	2	NEUT	2	0
chr20	57743108	59237421	57876155	58644995	6	0.730952	1.295657	21	ASCNA	8	1	7	1	1	6.926516129	1.758618791	0.774527465	7	HLAMP	5	2
chr20	59237422	62540319	59829847	62520674	75	0.669173	-0.052287	2	NLOH	2	0	2	2	0.580372751	1.875292397	-0.126395543	1	2	NEUT	2	0
chr20	62540320	62593058	62559964	62559964	1	0.535714	1.112922	24	BCNA	8	4	4	2	0.580372751	8.800799984	2.104123567	0.550720034	9	HLAMP	5	4
chr20	62593059	62816714	62626152	62737318	8	0.55461	0.50921	8	BCNA	4	2	2	2	0.580372751	4.52699346	1.14504212	0.599217911	4	AMP	2	2
chr20	62816715	63025520	62896110	62904542	2	0.715987	1.077434	23	UBCNA	8	3	5	2	0.580372751	8.49710358	2.053460049	0.809982331	8	HLAMP	6	2
chr21	1	24941551	15481365	22804674	17	0.555556	0.191468	5	GAIN	3	1	2	2	0.580372751	2.901144039	0.503110823	0.626368717	3	GAIN	2	1
chr21	24941552	48129895	27078428	47858248	320	0.567289	-0.060238	3	HET	2	1	1	NA	NA	1.90984611	-0.100054708	0.613333827	2	NEUT	1	1
chr22	1	31422974	17288988	31354653	201	0.772277	-0.495046	1	DLOH	1	0	1	1	1	1.072829335	-0.932090511	1	1	HETD	1	0
chr22	31422975	31758522	31491295	31678958	8	0.549835	0.219712	3	HET	2	1	1	NA	NA	2.598716664	0.344288244	0.574896709	2	NEUT	1	1
chr22	31758523	32155661	31838085	32112461	21	0.764151	-0.493945	1	DLOH	1	0	1	1	1	1.074646114	-0.92964945	1	1	HETD	1	0
chr22	32155662	33095341	32198862	32937401	22	0.572646	0.212248	5	GAIN	3	1	2	1	1	2.578562661	0.333056002	0.609464761	3	GAIN	2	1
chr22	33095342	37558454	33253280	37538328	50	0.677371	0.67	7	ASCNA	4	1	3	1	1	4.029386804	0.977049202	0.734898937	4	AMP	3	1
chr22	37558455	38043413	37578579	38025375	15	0.786207	-0.539385	1	DLOH	1	0	1	1	1	1.000805148	-1.032349987	1	1	HETD	1	0
chr22	38043414	38295403	38061450	38282897	18	0.664188	0.828312	7	ASCNA	4	1	3	1	1	4.648290248	1.183189054	0.710349863	4	AMP	3	1
chr22	38295404	38356559	38307909	38343143	5	0.770492	-0.4799	1	DLOH	1	0	1	1	1	1.097944077	-0.898706529	1	1	HETD	1	0
chr22	38356560	41145439	38369976	41075695	35	0.555556	0.256676	5	GAIN	3	1	2	1	1	2.70007679	0.399489336	0.58244595	3	GAIN	2	1
chr22	41145440	44896242	41215183	44594476	58	0.616026	0.849574	11	UBCNA	5	2	3	1	1	4.736705627	1.210372913	0.648038093	5	HLAMP	3	2
chr22	44896243	51304566	45198009	51065361	46	0.793695	-0.200996	2	NLOH	2	0	2	1	1	1.610827337	-0.345709241	1	2	NEUT	2	0
chrX	1	55523669	2847133	55289593	127	0.610687	0.408748	5	GAIN	3	1	2	1	1	3.145506675	0.619781321	0.656674643	3	HLAMP	2	1
chrX	55523670	155270560	55757744	153760508	211	0.818182	-0.054657	2	NLOH	2	0	2	1	1	1.922313962	-0.090667119	1	2	NEUT	2	0
chrY	1	59373566	Fill_In	Fill_In	Fill_In	Fill_In	Fill_In	Fill_In	NA	1	0	1	Fill_In	Fill_In	Fill_In	Fill_In	Fill_In	Fill_In	NA	1	0