Chromosome	Start	End	Start.snp	End.snp	Length.snp.	Median_Ratio	Median_logR	TITAN_state	TITAN_call	Copy_Number	MinorCN	MajorCN	Clonal_Cluster	Cellular_Prevalence	logR_Copy_Number	Corrected_logR	Corrected_Ratio	Corrected_Copy_Number	Corrected_Call	Corrected_MajorCN	Corrected_MinorCN
chr1	1	1278015	894573	1021415	7	0.68254	-0.257489	3	HET	2	1	1	NA	NA	2.361385401	-0.434827129	0.828605149	2	NEUT	1	1
chr1	1278016	26811301	1534614	26752992	438	0.559479	0.143728	8	BCNA	4	2	2	1	1	3.724322414	0.222517321	0.589655705	4	AMP	2	2
chr1	26811302	132672438	26869610	120469077	722	0.609566	-0.169356	5	GAIN	3	1	2	1	1	2.629166595	-0.279855092	0.688309214	3	GAIN	2	1
chr1	132672439	148643986	144875799	147381558	32	0.645833	0.231371	7	ASCNA	4	1	3	1	1	4.075933537	0.352669875	0.71343883	4	AMP	3	1
chr1	148643987	157786729	149906413	157771880	236	0.577194	0.288814	8	BCNA	4	2	2	1	1	4.318249492	0.435985948	0.610971791	4	AMP	2	2
chr1	157786730	159082883	157801578	158990412	26	0.577794	0.471219	15	BCNA	6	3	3	1	1	5.154897723	0.691483152	0.606309532	6	HLAMP	3	3
chr1	159082884	169197684	159175354	169138868	126	0.582028	0.247478	8	BCNA	4	2	2	1	1	4.142908339	0.37618325	0.619440113	4	AMP	2	2
chr1	169197685	170174569	169256501	169847683	30	0.544466	0.746772	15	BCNA	6	3	3	1	1	6.637455266	1.056169581	0.55712449	6	HLAMP	3	3
chr1	170174570	172088466	170501456	171765964	27	0.688889	0.077677	7	ASCNA	4	1	3	1	1	3.473097524	0.12176227	0.791653975	4	AMP	3	1
chr1	172088467	180499105	172410967	180241155	64	0.789773	-0.206078	4	ALOH	3	0	3	1	1	2.515600114	-0.343558045	1	3	GAIN	3	0
chr1	180499106	189598725	180757056	186649221	77	0.848485	0.176577	6	ALOH	4	0	4	1	1	3.85361178	0.271750588	1	4	AMP	4	0
chr1	189598726	200911859	192548229	200878727	36	0.696154	0.203831	7	ASCNA	4	1	3	1	1	3.963137063	0.312182211	0.789675941	4	AMP	3	1
chr1	200911860	209950218	200944991	209788703	174	0.656816	-0.062587	5	GAIN	3	1	2	1	1	2.976266061	-0.100957151	0.756373516	3	GAIN	2	1
chr1	209950219	212368230	210111733	212220847	14	0.696691	0.135859	7	ASCNA	4	1	3	1	1	3.693785673	0.210639507	0.797307274	4	AMP	3	1
chr1	212368231	213828400	212515613	213178340	13	0.666667	-0.982996	1	DLOH	1	0	1	1	1	0.681354796	-2.22798251	1	1	HETD	1	0
chr1	213828401	218946839	214478459	217804325	26	0.5625	-0.537022	3	HET	2	1	1	NA	NA	1.612617942	-0.985055973	0.635732517	2	NEUT	1	1
chr1	218946840	226340459	220089352	226125617	47	0.64	0.069928	7	ASCNA	4	1	3	1	1	3.444370971	0.109779883	0.71680218	4	AMP	3	1
chr1	226340460	249250621	226555302	249110906	176	0.560058	-0.479322	3	HET	2	1	1	NA	NA	1.755523891	-0.862559021	0.62470071	2	NEUT	1	1
chr2	1	10273428	234130	10264709	68	0.567532	0.155769	8	BCNA	4	2	2	1	1	3.771372798	0.240629115	0.601366953	4	AMP	2	2
chr2	10273429	32971275	10282147	32959024	263	0.586207	-0.056508	5	GAIN	3	1	2	1	1	2.996812068	-0.091032037	0.640561869	3	GAIN	2	1
chr2	32971276	38788081	32983526	38542573	34	0.587963	0.258409	8	BCNA	4	2	2	1	1	4.188788515	0.392072395	0.627642577	4	AMP	2	2
chr2	38788082	87713455	39033590	87042825	350	0.582364	-0.033469	5	GAIN	3	1	2	1	1	3.075470615	-0.05365346	0.632967585	3	GAIN	2	1
chr2	87713456	100249786	88384084	100210642	68	0.54425	0.103916	8	BCNA	4	2	2	1	1	3.571522722	0.162078648	0.567660748	4	AMP	2	2
chr2	100249787	104516651	100288931	103378857	45	0.73913	-0.349731	2	NLOH	2	0	2	1	1	2.098099544	-0.605377524	0.95448919	2	NEUT	2	0
chr2	104516652	147740573	105654446	145155731	169	0.576923	0.209075	8	BCNA	4	2	2	1	1	3.984449447	0.319919741	0.613402034	4	AMP	2	2
chr2	147740574	160500861	150325416	160116281	45	0.736842	-0.479031	2	NLOH	2	0	2	1	1	1.756259196	-0.861954872	0.991657324	2	NEUT	2	0
chr2	160500862	167543506	160885442	167327064	40	0.657312	0.577518	14	UBCNA	6	2	4	1	1	5.693537754	0.834864717	0.709519763	6	HLAMP	4	2
chr2	167543507	169912820	167759948	169814655	23	0.757576	-0.575501	2	NLOH	2	0	2	1	1	1.520444498	-1.069967499	1	2	NEUT	2	0
chr2	169912821	170117262	170010985	170059190	7	0.684211	0.928476	22	UBCNA	8	2	6	1	1	7.781971643	1.285675072	0.728939193	8	HLAMP	6	2
chr2	170117263	171219790	170175334	170929880	18	0.791796	-0.46343	2	NLOH	2	0	2	1	1	1.795898005	-0.829755235	1	2	NEUT	2	0
chr2	171219791	173153029	171509700	172966250	11	0.546667	0.047536	5	GAIN	3	1	2	1	1	3.362222799	0.074954677	0.572893409	3	GAIN	2	1
chr2	173153030	174957326	173339808	174820750	14	0.717706	-0.395498	2	NLOH	2	0	2	1	1	1.97358414	-0.693642624	0.926140779	2	NEUT	2	0
chr2	174957327	179287676	175093901	179255962	31	0.56701	0.314178	8	BCNA	4	2	2	1	1	4.428353529	0.47230975	0.595602542	4	AMP	2	2
chr2	179287677	180559257	179319391	180308335	14	0.632675	0.922113	23	UBCNA	8	3	5	1	1	7.739409426	1.277762831	0.665066921	8	HLAMP	5	3
chr2	180559258	183255450	180810180	182926144	15	0.604167	0.478674	14	UBCNA	6	2	4	1	1	5.191393435	0.701661176	0.642081178	6	HLAMP	4	2
chr2	183255451	201874990	183584755	201724360	68	0.58826	0.054892	5	GAIN	3	1	2	1	1	3.389068806	0.086428276	0.637468369	3	GAIN	2	1
chr2	201874991	216292066	202025621	216288795	99	0.755102	-0.466006	2	NLOH	2	0	2	1	1	1.789323358	-0.835046523	1	2	NEUT	2	0
chr2	216292067	218086677	216295337	217498839	9	0.754545	-0.163685	4	ALOH	3	0	3	1	1	2.646963842	-0.270122164	0.936252141	3	GAIN	3	0
chr2	218086678	219111290	218674514	219000734	15	0.612245	-0.431013	3	HET	2	1	1	NA	NA	1.879646196	-0.763999521	0.725080648	2	NEUT	1	1
chr2	219111291	219911912	219221846	219903787	37	0.628571	0.409681	11	UBCNA	5	2	3	1	1	4.860736429	0.606714255	0.678551015	5	HLAMP	3	2
chr2	219911913	221403940	219920037	220506522	37	0.609195	0.643208	14	UBCNA	6	2	4	1	1	6.04679812	0.921710762	0.643316862	6	HLAMP	4	2
chr2	221403941	237595616	222301357	236957822	144	0.746628	-0.537845	2	NLOH	2	0	2	1	1	1.610620672	-0.986843896	1	2	NEUT	2	0
chr2	237595617	239207981	238233410	239186589	20	0.625303	0.493713	14	UBCNA	6	2	4	1	1	5.265592822	0.722135313	0.670267486	6	HLAMP	4	2
chr2	239207982	239669861	239229372	239335851	2	0.657329	1.252698	22	UBCNA	8	2	6	1	1	10.21908642	1.67873367	0.686419564	10	HLAMP	7	3
chr2	239669862	243199373	240003870	242758179	67	0.753425	-0.490075	2	NLOH	2	0	2	1	1	1.728456748	-0.884976149	1	2	NEUT	2	0
chr3	1	5982428	361508	4776784	32	0.56227	-0.030148	5	GAIN	3	1	2	1	1	3.086912939	-0.048295857	0.600386228	3	GAIN	2	1
chr3	5982429	48264683	7188072	48219537	352	0.578046	0.2574	8	BCNA	4	2	2	1	1	4.184538908	0.39060801	0.613287832	4	AMP	2	2
chr3	48264684	48493805	48309828	48481647	18	0.595059	0.62171	15	BCNA	6	3	3	1	1	5.929413345	0.89342872	0.625351628	6	HLAMP	3	3
chr3	48493806	52535113	48505964	52523405	56	0.637147	0.415688	7	ASCNA	4	1	3	1	1	4.888901375	0.61504965	0.690153664	4	AMP	3	1
chr3	52535114	52755825	52546820	52740182	16	0.62442	0.569854	14	UBCNA	6	2	4	1	1	5.653361146	0.82464821	0.66600521	6	HLAMP	4	2
chr3	52755826	53818491	52771468	53779825	35	0.610687	0.372557	11	UBCNA	5	2	3	1	1	4.689251537	0.554897018	0.655288403	5	HLAMP	3	2
chr3	53818492	66833017	53857158	64627817	58	0.622359	0.621902	14	UBCNA	6	2	4	1	1	5.930453993	0.8936819	0.661344527	6	HLAMP	4	2
chr3	66833018	76037220	69038217	74474166	27	0.552632	0.276964	8	BCNA	4	2	2	1	1	4.267468847	0.41891997	0.57593624	4	AMP	2	2
chr3	76037221	82355909	77600273	78701217	4	0.862271	2.305798	6	ALOH	4	0	4	1	1	23.23565933	2.863808026	0.891731086	4	AMP	4	0
chr3	82355910	188517062	86010600	187447032	761	0.563636	0.168209	8	BCNA	4	2	2	1	1	3.82039647	0.259261713	0.59510985	4	AMP	2	2
chr3	188517063	198022430	189587091	196746629	61	0.567568	-0.018456	5	GAIN	3	1	2	1	1	3.127407335	-0.029493514	0.60839167	3	GAIN	2	1
chr4	1	36888897	155713	36345377	265	0.6	-0.129228	5	GAIN	3	1	2	1	1	2.75661685	-0.211561894	0.668545512	3	GAIN	2	1
chr4	36888898	79625285	37432416	79417863	211	0.568182	0.157301	8	BCNA	4	2	2	1	1	3.777387319	0.242928068	0.602288225	4	AMP	2	2
chr4	79625286	132494173	79832706	129867280	185	0.761905	-0.374333	2	NLOH	2	0	2	1	1	2.030675662	-0.65250082	1	2	NEUT	2	0
chr4	132494174	136785642	135121066	135121601	3	0.675393	0.255286	7	ASCNA	4	1	3	1	1	4.175645003	0.387538413	0.75476076	4	AMP	3	1
chr4	136785643	144377017	138449683	144136193	12	0.771304	-0.554717	2	NLOH	2	0	2	1	1	1.569925523	-1.023764532	1	2	NEUT	2	0
chr4	144377018	148822408	144617842	148463840	15	0.747899	-0.13582	4	ALOH	3	0	3	1	1	2.735435949	-0.222689877	0.919138385	3	GAIN	3	0
chr4	148822409	156498199	149180975	156289917	45	0.75	-0.462597	2	NLOH	2	0	2	1	1	1.798026559	-0.82804632	1	2	NEUT	2	0
chr4	156498200	157558847	156706482	156875182	2	0.830357	0.553187	13	ASCNA	6	1	5	1	1	5.566721847	0.802367346	0.942491545	6	HLAMP	5	1
chr4	157558848	191154276	158242512	190862287	143	0.759036	-0.389347	2	NLOH	2	0	2	1	1	1.990089906	-0.681627043	1	2	NEUT	2	0
chr5	1	15623611	224418	14769103	124	0.714286	0.165548	7	ASCNA	4	1	3	1	1	3.809874406	0.255282788	0.820562825	4	AMP	3	1
chr5	15623612	55626851	16478120	55422681	179	0.566667	0.004085	5	GAIN	3	1	2	1	1	3.206408794	0.006497719	0.605953872	3	GAIN	2	1
chr5	55626852	115799025	55831021	115783553	362	0.559851	0.106629	8	BCNA	4	2	2	1	1	3.581801953	0.166224918	0.591424685	4	AMP	2	2
chr5	115799026	140154977	115814496	140081791	153	0.623077	-0.167066	5	GAIN	3	1	2	1	1	2.636344861	-0.27592155	0.711289497	3	GAIN	2	1
chr5	140154978	140827452	140228164	140798639	32	0.615009	0.336418	8	BCNA	4	2	2	1	1	4.526502128	0.503935981	0.663018207	4	AMP	2	2
chr5	140827453	169754010	140856265	169702390	273	0.611111	-0.204998	5	GAIN	3	1	2	1	1	2.51889903	-0.341667359	0.694460257	3	GAIN	2	1
chr5	169754011	180915260	169805629	180627250	113	0.571429	-0.457153	3	HET	2	1	1	NA	NA	1.811967843	-0.8169033	0.645915834	2	NEUT	1	1
chr6	1	26247518	549364	26124430	206	0.812164	-0.120456	4	ALOH	3	0	3	1	1	2.784952859	-0.196807745	1	3	GAIN	3	0
chr6	26247519	26525355	26370605	26505403	23	0.773869	-0.435833	2	NLOH	2	0	2	1	1	1.867074483	-0.77368117	1	2	NEUT	2	0
chr6	26525356	31017113	26545308	28403603	46	0.784563	-0.083258	4	ALOH	3	0	3	1	1	2.907045692	-0.134906904	0.969524784	3	GAIN	3	0
chr6	31017114	39492297	33630624	39325078	120	0.75782	-0.558907	2	NLOH	2	0	2	1	1	1.559892828	-1.033013739	1	2	NEUT	2	0
chr6	39492298	44610400	39659516	44320548	106	0.556259	-0.041379	5	GAIN	3	1	2	1	1	3.04832299	-0.066444878	0.591131771	3	GAIN	2	1
chr6	44610401	72478289	44900253	72011086	124	0.5625	0.136137	8	BCNA	4	2	2	1	1	3.694861654	0.211059695	0.594462244	4	AMP	2	2
chr6	72478290	83304300	72945492	82941656	51	0.766667	-0.430305	2	NLOH	2	0	2	1	1	1.88149637	-0.762580145	1	2	NEUT	2	0
chr6	83304301	90417552	83666943	90402482	57	0.807692	-0.181589	4	ALOH	3	0	3	1	1	2.591013273	-0.300944246	1	3	GAIN	3	0
chr6	90417553	98525151	90432621	97726878	19	0.794118	-0.434441	2	NLOH	2	0	2	1	1	1.870700839	-0.770881789	1	2	NEUT	2	0
chr6	98525152	114229136	99323424	114180646	64	0.586975	0.390407	8	BCNA	4	2	2	1	1	4.7711544	0.579877723	0.621420017	4	AMP	2	2
chr6	114229137	119575291	114277625	119522553	37	0.647059	0.556508	14	UBCNA	6	2	4	1	1	5.583905491	0.806813872	0.696822278	6	HLAMP	4	2
chr6	119575292	137252044	119628029	137026266	75	0.656716	0.224348	7	ASCNA	4	1	3	1	1	4.046964357	0.342379491	0.729887068	4	AMP	3	1
chr6	137252045	144464453	137477823	144167477	30	0.543537	0.590205	15	BCNA	6	3	3	1	1	5.760517073	0.851737664	0.557817798	6	HLAMP	3	3
chr6	144464454	152568156	144761429	152565897	66	0.610434	0.305047	8	BCNA	4	2	2	1	1	4.388493071	0.459264978	0.657983157	4	AMP	2	2
chr6	152568157	153329570	152570415	153313832	11	0.567568	0.761112	19	UBCNA	7	3	4	1	1	6.722633898	1.074565934	0.586559402	7	HLAMP	4	3
chr6	153329571	156962208	153345309	155597147	20	0.59375	0.359526	8	BCNA	4	2	2	1	1	4.630096837	0.536581716	0.632009266	4	AMP	2	2
chr6	156962209	159492196	158327269	159316430	22	0.685737	-0.739729	1	DLOH	1	0	1	1	1	1.153550683	-1.46837926	0.989977608	1	HETD	1	0
chr6	159492197	160277089	159667961	160225559	14	0.723636	-0.451963	2	NLOH	2	0	2	1	1	1.825307742	-0.806320932	0.955141362	2	NEUT	2	0
chr6	160277090	160724606	160328620	160679400	10	0.678125	-0.874429	1	DLOH	1	0	1	1	1	0.882287465	-1.855139958	1	1	HETD	1	0
chr6	160724607	166821243	160769811	166780349	22	0.811616	-0.003345	4	ALOH	3	0	3	1	1	3.180231711	-0.005328768	0.996762889	3	GAIN	3	0
chr6	166821244	169040303	166862136	168462765	20	0.698443	-0.667879	1	DLOH	1	0	1	1	1	1.30894177	-1.286059733	0.984907554	1	HETD	1	0
chr6	169040304	170162847	169617840	170159023	18	0.631966	0.335426	8	BCNA	4	2	2	1	1	4.522091963	0.50252968	0.687107439	4	AMP	2	2
chr6	170162848	170673033	170166672	170632383	8	0.618401	-1.031865	1	DLOH	1	0	1	1	1	0.595728338	-2.421734159	0.993946485	1	HETD	1	0
chr6	170673034	171115067	170713682	170892100	8	0.805405	-0.396875	2	NLOH	2	0	2	1	1	1.96989869	-0.696339216	1	2	NEUT	2	0
chr7	1	5096344	195501	4959807	61	0.55814	0.122242	8	BCNA	4	2	2	1	1	3.641334925	0.190006792	0.58830962	4	AMP	2	2
chr7	5096345	38836903	5232881	38816441	246	0.631105	0.55115	14	UBCNA	6	2	4	1	1	5.556201479	0.799638264	0.675690814	6	HLAMP	4	2
chr7	38836904	39935107	38857364	39649707	9	0.572289	1.078908	24	BCNA	8	4	4	1	1	8.844887586	1.470383156	0.58773213	9	HLAMP	5	4
chr7	39935108	52195368	40220507	51287470	93	0.620553	0.524291	14	UBCNA	6	2	4	1	1	5.418864757	0.76352999	0.662589364	6	HLAMP	4	2
chr7	52195369	55729533	53103267	55467923	9	0.608696	1.051508	24	BCNA	8	4	4	1	1	8.642940675	1.437061607	0.632459339	9	HLAMP	6	3
chr7	55729534	81342994	55991144	81339304	83	0.57377	0.184096	8	BCNA	4	2	2	1	1	3.883621907	0.282942101	0.609662051	4	AMP	2	2
chr7	81342995	82906868	81346685	82784456	16	0.583333	0.646917	15	BCNA	6	3	3	1	1	6.067227758	0.926576818	0.609285676	6	HLAMP	3	3
chr7	82906869	100659805	83029280	100656003	189	0.571429	0.270038	8	BCNA	4	2	2	1	1	4.237981515	0.408916644	0.603276177	4	AMP	2	2
chr7	100659806	100788951	100663606	100777267	10	0.575697	-0.480689	3	HET	2	1	1	NA	NA	1.752071714	-0.865398824	0.657333095	2	NEUT	1	1
chr7	100788952	123993429	100800635	123599483	133	0.578125	0.389801	8	BCNA	4	2	2	1	1	4.768357183	0.579031656	0.60908327	4	AMP	2	2
chr7	123993430	128176895	124387374	128041339	24	0.598354	0.603071	15	BCNA	6	3	3	1	1	5.829045614	0.86879904	0.630236327	6	HLAMP	3	3
chr7	128176896	136250332	128312450	135418626	84	0.628445	0.374778	7	ASCNA	4	1	3	1	1	4.69938725	0.558012005	0.680090371	4	AMP	3	1
chr7	136250333	139120520	137082039	139102490	20	0.739009	-0.358868	2	NLOH	2	0	2	1	1	2.072924505	-0.622793076	0.956873366	2	NEUT	2	0
chr7	139120521	139758277	139138551	139754273	5	0.692308	-1.104297	1	DLOH	1	0	1	1	1	0.474033478	-2.751399796	1	1	HETD	1	0
chr7	139758278	139906672	139762282	139762282	1	0.934783	0.196311	6	ALOH	4	0	4	1	1	3.932709563	0.301062993	1	4	AMP	4	0
chr7	139906673	143100604	140051063	143095378	25	0.733333	-0.939018	1	DLOH	1	0	1	1	1	0.760930579	-2.068623905	1	1	HETD	1	0
chr7	143100605	143789805	143105830	143771937	9	0.719298	-0.37867	2	NLOH	2	0	2	1	1	2.018908495	-0.660885128	0.924543417	2	NEUT	2	0
chr7	143789806	159138663	143807674	158902425	111	0.675676	-0.797761	1	DLOH	1	0	1	1	1	1.033572555	-1.626820984	0.99684003	1	HETD	1	0
chr8	1	20830705	566417	20110641	154	0.821634	0.015625	4	ALOH	3	0	3	1	1	3.247334312	0.024795265	1	3	GAIN	3	0
chr8	20830706	23008942	21550768	22960704	38	0.607819	0.29692	8	BCNA	4	2	2	1	1	4.35322705	0.447624617	0.654618306	4	AMP	2	2
chr8	23008943	27195621	23057181	27101279	59	0.621622	0.59307	14	UBCNA	6	2	4	1	1	5.775724155	0.85554119	0.661410827	6	HLAMP	4	2
chr8	27195622	27937937	27289963	27925204	27	0.627358	0.393801	11	UBCNA	5	2	3	1	1	4.7868424	0.584613656	0.677630738	5	HLAMP	3	2
chr8	27937938	29992910	27950670	29989564	13	0.65625	0.732293	14	UBCNA	6	2	4	1	1	6.552305703	1.037542017	0.701308975	6	HLAMP	4	2
chr8	29992911	37912206	29996256	37728750	28	0.629986	0.405975	7	ASCNA	4	1	3	1	1	4.843418555	0.601565031	0.680696747	4	AMP	3	1
chr8	37912207	38274299	38095662	38178767	6	0.641329	0.624992	14	UBCNA	6	2	4	1	1	5.947220993	0.897755034	0.686231719	6	HLAMP	4	2
chr8	38274300	40173828	38369831	39792914	15	0.6	-0.109282	5	GAIN	3	1	2	1	1	2.821298413	-0.178101381	0.666974026	3	GAIN	2	1
chr8	40173829	45622874	40554742	42404040	32	0.762771	-0.583351	2	NLOH	2	0	2	1	1	1.501940475	-1.087633015	1	2	NEUT	2	0
chr8	45622875	55485771	48841708	53092553	8	0.601894	-0.015488	5	GAIN	3	1	2	1	1	3.137739122	-0.024735243	0.663254263	3	GAIN	2	1
chr8	55485772	58604214	57878990	57878990	1	0.844444	1.30703	21	ASCNA	8	1	7	1	1	10.68379359	1.742891453	0.905362411	11	HLAMP	10	1
chr8	58604215	63107978	59329438	62556590	15	0.6875	-0.580931	2	NLOH	2	0	2	1	1	1.507634168	-1.082174255	0.922496143	2	NEUT	2	0
chr8	63107979	65228109	63659367	63938764	5	0.745098	0.014858	7	ASCNA	4	1	3	1	1	3.244604051	0.023581781	0.887833991	4	AMP	3	1
chr8	65228110	66827962	66517454	66691934	5	0.794872	0.644955	17	ASCNA	7	1	6	1	1	6.056414272	0.924003241	0.886868943	7	HLAMP	6	1
chr8	66827963	72979462	66963989	72977703	33	0.666667	-0.104229	5	GAIN	3	1	2	1	1	2.837826915	-0.169674053	0.777640466	3	GAIN	2	1
chr8	72979463	75063418	72981221	74893880	9	0.705882	0.650117	14	UBCNA	6	2	4	1	1	6.084896015	0.930771957	0.769814347	6	HLAMP	4	2
chr8	75063419	89306509	75232955	87679463	26	0.58114	-0.045481	5	GAIN	3	1	2	1	1	3.034303163	-0.073095416	0.631667925	3	GAIN	2	1
chr8	89306510	92687119	90933554	92401457	11	0.738872	0.943148	22	UBCNA	8	2	6	1	1	7.880831332	1.303887173	0.79614483	8	HLAMP	6	2
chr8	92687120	100114396	92972780	99208244	40	0.597297	-0.430422	3	HET	2	1	1	NA	NA	1.881190559	-0.762814655	0.695025694	2	NEUT	1	1
chr8	100114397	110552685	101020548	110539186	70	0.647129	0.34424	7	ASCNA	4	1	3	1	1	4.561383065	0.515010681	0.708076679	4	AMP	3	1
chr8	110552686	115130749	110566184	113662299	19	0.695652	0.741331	18	UBCNA	7	2	5	1	1	6.605357015	1.049175889	0.751620469	7	HLAMP	5	2
chr8	115130750	139432401	116599199	139190693	122	0.564145	-0.059923	5	GAIN	3	1	2	1	1	2.985259282	-0.096604411	0.604745949	3	GAIN	2	1
chr8	139432402	143772291	139674108	143762724	48	0.585274	0.344586	8	BCNA	4	2	2	1	1	4.562930368	0.515499986	0.620586481	4	AMP	2	2
chr8	143772292	143824475	143781858	143816577	6	0.538649	1.106183	24	BCNA	8	4	4	1	1	9.049758714	1.503418676	0.546718687	9	HLAMP	5	4
chr8	143824476	144238001	143832373	144124609	15	0.571429	0.491376	11	UBCNA	5	2	3	1	1	5.254011717	0.718958766	0.597117513	5	HLAMP	3	2
chr8	144238002	145412584	144351394	145247168	29	0.564516	0.738061	19	UBCNA	7	3	4	1	1	6.586124366	1.044969103	0.583025426	7	HLAMP	4	3
chr8	145412585	146364022	145577999	146076708	43	0.785	-0.202742	4	ALOH	3	0	3	1	1	2.525798071	-0.337721347	0.998207102	3	GAIN	3	0
chr9	1	6241410	215269	6007500	58	0.768336	-0.290488	4	ALOH	3	0	3	1	1	2.265256926	-0.494785961	0.992165286	3	GAIN	3	0
chr9	6241411	18593368	6475319	18504916	49	0.772727	-0.376213	2	NLOH	2	0	2	1	1	2.025570494	-0.656132357	1	2	NEUT	2	0
chr9	18593369	21892458	18681821	21816758	15	0.684211	-0.921345	1	DLOH	1	0	1	1	1	0.793598465	-2.007979511	1	1	HETD	1	0
chr9	21892459	29940503	21968159	27455095	24	0.745068	-0.464457	2	NLOH	2	0	2	1	1	1.793275417	-0.831863573	1	2	NEUT	2	0
chr9	29940504	33867553	32425910	33799370	28	0.626059	0.201638	8	BCNA	4	2	2	1	1	3.954247336	0.308942462	0.686296295	4	AMP	2	2
chr9	33867554	35072821	33935736	35068201	31	0.547619	-0.290211	3	HET	2	1	1	NA	NA	2.26605473	-0.494277946	0.587325839	2	NEUT	1	1
chr9	35072822	54938171	35077441	38397355	58	0.54939	-0.18533	5	GAIN	3	1	2	1	1	2.579409971	-0.307419558	0.58557046	3	GAIN	2	1
chr9	54938172	72302515	71478986	72132199	19	0.781513	0.885796	21	ASCNA	8	1	7	1	1	7.500045105	1.23243862	0.852436476	8	HLAMP	7	1
chr9	72302516	75550417	72472831	75545882	25	0.716814	0.6221	13	ASCNA	6	1	5	1	1	5.931527307	0.89394298	0.785881895	6	HLAMP	5	1
chr9	75550418	78133914	75554952	77761642	18	0.765105	0.290251	6	ALOH	4	0	4	1	1	4.324435854	0.438051286	0.880941091	4	AMP	4	0
chr9	78133915	88768445	78506187	88692255	39	0.755245	0.530438	13	ASCNA	6	1	5	1	1	5.450070652	0.771814281	0.843738331	6	HLAMP	5	1
chr9	88768446	117178352	88844634	117170241	251	0.594203	-0.253904	5	GAIN	3	1	2	1	1	2.371961793	-0.42837988	0.669246396	3	GAIN	2	1
chr9	117178353	117550181	117186463	117433685	8	0.6325	-0.680962	1	DLOH	1	0	1	1	1	1.28006766	-1.318240583	0.82808628	1	HETD	1	0
chr9	117550182	129215134	117666678	129184091	70	0.60728	-0.212952	5	GAIN	3	1	2	1	1	2.494660908	-0.355616924	0.688537354	3	GAIN	2	1
chr9	129215135	131719225	129246177	131702891	73	0.681818	0.107713	7	ASCNA	4	1	3	1	1	3.585914506	0.167880441	0.777623927	4	AMP	3	1
chr9	131719226	132637608	131735559	132597021	33	0.666667	-0.020737	5	GAIN	3	1	2	1	1	3.119481468	-0.033154413	0.767620793	3	GAIN	2	1
chr9	132637609	133972250	132678195	133963008	47	0.603175	-0.433409	3	HET	2	1	1	NA	NA	1.873391605	-0.768808146	0.707239198	2	NEUT	1	1
chr9	133972251	141213431	133981491	141016531	206	0.60405	-0.190149	5	GAIN	3	1	2	1	1	2.564507357	-0.315778942	0.68071437	3	GAIN	2	1
chr10	1	15182141	696237	15106441	79	0.75	-0.49916	2	NLOH	2	0	2	1	1	1.70574495	-0.904058707	1	2	NEUT	2	0
chr10	15182142	34651842	15257841	34636820	129	0.789474	-0.036404	4	ALOH	3	0	3	1	1	3.065380135	-0.058394659	0.967909252	3	GAIN	3	0
chr10	34651843	45185168	34666864	44874216	33	0.578947	0.376503	8	BCNA	4	2	2	1	1	4.7072702	0.560430015	0.610636978	4	AMP	2	2
chr10	45185169	49018188	45496120	48426798	16	0.626225	0.206038	7	ASCNA	4	1	3	1	1	3.972097194	0.315440273	0.686270566	4	AMP	3	1
chr10	49018189	52078076	49609578	51586514	50	0.663768	0.011695	5	GAIN	3	1	2	1	1	3.233360164	0.018573567	0.759472067	3	GAIN	2	1
chr10	52078077	60353408	52569637	60148692	15	0.738095	-0.34412	2	NLOH	2	0	2	1	1	2.113638653	-0.594731896	0.950945643	2	NEUT	2	0
chr10	60353409	80362658	60558125	79616360	139	0.694444	-0.843771	1	DLOH	1	0	1	1	1	0.941820454	-1.760936691	1	1	HETD	1	0
chr10	80362659	91410946	81108956	91352966	49	0.769231	-0.367218	2	NLOH	2	0	2	1	1	2.050056893	-0.638796703	1	2	NEUT	2	0
chr10	91410947	95324703	91468925	95276673	36	0.794511	-0.193785	4	ALOH	3	0	3	1	1	2.553296037	-0.322099834	1	3	GAIN	3	0
chr10	95324704	98799338	95372734	98469693	73	0.843137	0.153905	6	ALOH	4	0	4	1	1	3.764063476	0.237830306	1	4	AMP	4	0
chr10	98799339	111994304	99128983	111647738	147	0.836735	-0.008848	4	ALOH	3	0	3	1	1	3.160930476	-0.014111348	1	3	GAIN	3	0
chr10	111994305	114332401	112340871	113940329	14	0.726042	0.630902	13	ASCNA	6	1	5	1	1	5.979390117	0.905537689	0.797473157	6	HLAMP	5	1
chr10	114332402	118510967	114724473	118427645	71	0.6875	0.29498	7	ASCNA	4	1	3	1	1	4.344838012	0.444841739	0.76904233	4	AMP	3	1
chr10	118510968	122953704	118594289	122668296	27	0.72093	0.506265	10	ASCNA	5	1	4	1	1	5.328116793	0.739165055	0.799279529	5	HLAMP	4	1
chr10	122953705	123438025	123239112	123279795	5	0.795455	1.07166	21	ASCNA	8	1	7	1	1	8.79109382	1.46158203	0.858959407	9	HLAMP	8	1
chr10	123438026	124719892	123596254	124697198	27	0.635417	-0.011674	5	GAIN	3	1	2	1	1	3.151047131	-0.018629318	0.716620308	3	GAIN	2	1
chr10	124719893	125691241	124742586	125602021	11	0.67619	0.796663	22	UBCNA	8	2	6	1	1	6.93749207	1.119953566	0.72417817	7	HLAMP	5	2
chr10	125691242	127715403	125780460	127706028	25	0.75	0.614292	13	ASCNA	6	1	5	1	1	5.889313313	0.883638776	0.830210419	6	HLAMP	5	1
chr10	127715404	129804590	127724778	129763277	19	0.794286	0.977544	21	ASCNA	8	1	7	1	1	8.116570498	1.346409621	0.862795764	8	HLAMP	7	1
chr10	129804591	134587863	129845903	134137638	26	0.71776	0.356988	7	ASCNA	4	1	3	1	1	4.61863753	0.533006677	0.806848093	4	AMP	3	1
chr10	134587864	135534747	135038088	135213263	12	0.763466	0.611955	13	ASCNA	6	1	5	1	1	5.876722671	0.880551166	0.848177977	6	HLAMP	5	1
chr11	1	6589692	199256	6588228	188	0.599479	0.002248	5	GAIN	3	1	2	1	1	3.199924197	0.003577078	0.658220787	3	GAIN	2	1
chr11	6589693	6722681	6591157	6655433	13	0.585253	0.490894	15	BCNA	6	3	3	1	1	5.251625478	0.718303382	0.615927067	6	HLAMP	3	3
chr11	6722682	34927454	6789929	34916710	272	0.619353	0.0135	5	GAIN	3	1	2	1	1	3.239773589	0.021432343	0.688963397	3	GAIN	2	1
chr11	34927455	57075389	34938199	57004577	119	0.592593	0.135329	8	BCNA	4	2	2	1	1	3.691734915	0.209838313	0.639984786	4	AMP	2	2
chr11	57075390	65231540	57146202	65168281	183	0.608696	0.050648	5	GAIN	3	1	2	1	1	3.373563461	0.079812649	0.669576767	3	GAIN	2	1
chr11	65231541	70716423	65294799	70282629	140	0.581395	0.251038	8	BCNA	4	2	2	1	1	4.157812406	0.381364016	0.618385336	4	AMP	2	2
chr11	70716424	71812863	71150217	71809635	22	0.554725	-0.371363	3	HET	2	1	1	NA	NA	2.03875431	-0.646772725	0.605444657	2	NEUT	1	1
chr11	71812864	76869492	71816092	76814110	38	0.59375	-0.159813	5	GAIN	3	1	2	1	1	2.659155555	-0.263492477	0.660366677	3	GAIN	2	1
chr11	76869493	77195930	76924874	77090518	10	0.597222	-0.680707	1	DLOH	1	0	1	1	1	1.280627946	-1.317609254	0.74067083	1	HETD	1	0
chr11	77195931	80362743	77301341	77850517	22	0.844772	1.313731	21	ASCNA	8	1	7	1	1	10.74232978	1.75077436	0.905416154	11	HLAMP	10	1
chr11	80362744	88069308	82874970	88068052	24	0.629981	-0.951752	1	DLOH	1	0	1	1	1	0.737639073	-2.113473669	0.962940487	1	HETD	1	0
chr11	88069309	89874612	88070563	89868755	7	0.657895	-0.41453	5	GAIN	3	1	2	1	1	1.922956605	-0.731134445	0.81304591	3	GAIN	2	1
chr11	89874613	102593470	89880469	102477515	54	0.660645	-0.923161	1	DLOH	1	0	1	1	1	0.790223179	-2.014128583	1	1	HETD	1	0
chr11	102593471	102878829	102709425	102713620	5	0.652174	-1.403047	0	HOMD	0	0	0	1	1	0.031942872	-6.642822821	1	0	HOMD	0	0
chr11	102878830	109652581	103044038	108722851	26	0.666667	-0.916001	1	DLOH	1	0	1	1	1	0.803555709	-1.9899907	1	1	HETD	1	0
chr11	109652582	111680668	110582310	111637202	5	0.558824	-0.241598	3	HET	2	1	1	NA	NA	2.408467293	-0.406345319	0.604973737	2	NEUT	1	1
chr11	111680669	123391762	111724133	123306172	169	0.684211	-0.946089	1	DLOH	1	0	1	1	1	0.747971774	-2.093404917	1	1	HETD	1	0
chr11	123391763	123542251	123477352	123485561	4	0.74375	-1.384764	0	HOMD	0	0	0	1	1	0.056448372	-5.82138488	1	0	HOMD	0	0
chr11	123542252	135006516	123598941	134241094	115	0.666667	-0.8839	1	DLOH	1	0	1	1	1	0.864150597	-1.885105991	1	1	HETD	1	0
chr12	1	16083094	275065	15818880	215	0.557692	-0.146194	5	GAIN	3	1	2	1	1	2.702298398	-0.24027366	0.59803217	3	GAIN	2	1
chr12	16083095	40829662	16347308	40827479	149	0.5625	0.146808	8	BCNA	4	2	2	1	1	3.736320208	0.22715745	0.594107588	4	AMP	2	2
chr12	40829663	57574151	40831845	57570014	347	0.551724	0.011668	5	GAIN	3	1	2	1	1	3.23326429	0.018530788	0.581951785	3	GAIN	2	1
chr12	57574152	101346150	57578288	101018014	241	0.567568	0.178966	8	BCNA	4	2	2	1	1	3.863129903	0.275309539	0.600616913	4	AMP	2	2
chr12	101346151	133851895	101674285	133768273	370	0.555556	-0.071813	5	GAIN	3	1	2	1	1	2.94524865	-0.116071214	0.591198195	3	GAIN	2	1
chr13	1	26115337	21063524	26104943	63	0.604027	0.33964	8	BCNA	4	2	2	1	1	4.540847211	0.508500843	0.647314711	4	AMP	2	2
chr13	26115338	28464940	26125731	28367275	14	0.652952	0.738933	14	UBCNA	6	2	4	1	1	6.591248811	1.04609118	0.696799303	6	HLAMP	4	2
chr13	28464941	31876403	28562605	31861059	24	0.586918	0.344959	8	BCNA	4	2	2	1	1	4.56459883	0.51602742	0.622898115	4	AMP	2	2
chr13	31876404	33270999	31891746	33232435	25	0.654545	0.5921	14	UBCNA	6	2	4	1	1	5.770572128	0.854253712	0.705149777	6	HLAMP	4	2
chr13	33271000	39603807	33309563	39596403	44	0.730033	-0.387775	2	NLOH	2	0	2	1	1	1.994319558	-0.678564055	0.947979967	2	NEUT	2	0
chr13	39603808	42583715	39611211	42465713	24	0.763305	-0.126665	4	ALOH	3	0	3	1	1	2.764878247	-0.207244699	0.94324948	3	GAIN	3	0
chr13	42583716	42783554	42701717	42773629	9	0.7	-0.824746	1	DLOH	1	0	1	1	1	0.979405194	-1.7044829	1	1	HETD	1	0
chr13	42783555	103337325	42793479	103286280	171	0.75	-0.408062	2	NLOH	2	0	2	1	1	1.940087439	-0.718338976	0.99348608	2	NEUT	2	0
chr13	103337326	103405755	103388370	103400729	10	0.740228	-0.967073	1	DLOH	1	0	1	1	1	0.70988685	-2.168799657	1	1	HETD	1	0
chr13	103405756	115169878	103410782	115064542	93	0.744898	-0.400859	2	NLOH	2	0	2	1	1	1.959255567	-0.704155055	0.981081516	2	NEUT	2	0
chr14	1	24281354	20215989	24033070	138	0.555556	-0.005893	5	GAIN	3	1	2	1	1	3.171285697	-0.009392798	0.588657756	3	GAIN	2	1
chr14	24281355	38896115	24529637	38277999	91	0.55	0.146253	8	BCNA	4	2	2	1	1	3.734156375	0.226321693	0.575300723	4	AMP	2	2
chr14	38896116	52502954	39514231	52496407	74	0.564299	-0.001042	5	GAIN	3	1	2	1	1	3.188331137	-0.001659177	0.602405252	3	GAIN	2	1
chr14	52502955	61377557	52509501	60759095	64	0.571429	0.15471	8	BCNA	4	2	2	1	1	3.767218972	0.239039242	0.607255892	4	AMP	2	2
chr14	61377558	95256488	61996018	94956228	284	0.565789	-0.041057	5	GAIN	3	1	2	1	1	3.04942521	-0.065923318	0.606554308	3	GAIN	2	1
chr14	95256489	107349540	95556747	105916797	90	0.569805	0.125974	8	BCNA	4	2	2	1	1	3.655660846	0.195671579	0.605885792	4	AMP	2	2
chr15	1	85377218	22866621	85370597	503	0.625	-0.233655	5	GAIN	3	1	2	1	1	2.43219594	-0.392201193	0.722110656	3	GAIN	2	1
chr15	85377219	89440527	85383839	89436295	54	0.622222	-0.437532	3	HET	2	1	1	NA	NA	1.862653086	-0.77710165	0.746208055	2	NEUT	1	1
chr15	89440528	102531392	89444760	101970091	107	0.6	-0.164885	5	GAIN	3	1	2	1	1	2.643192055	-0.272179396	0.671486941	3	GAIN	2	1
chr16	1	28721100	115041	28604686	398	0.572078	-0.077375	5	GAIN	3	1	2	1	1	2.926645059	-0.125212864	0.618613899	3	GAIN	2	1
chr16	28721101	30450649	28837515	30410445	38	0.540007	0.126222	8	BCNA	4	2	2	1	1	3.65661415	0.196047748	0.560680418	4	AMP	2	2
chr16	30450650	39262335	30490854	31819168	30	0.531025	0.05524	5	GAIN	3	1	2	1	1	3.39034224	0.086970263	0.548316142	3	GAIN	2	1
chr16	39262336	56884994	46705502	56868700	75	0.776978	-0.560945	2	NLOH	2	0	2	1	1	1.555023486	-1.037524281	1	2	NEUT	2	0
chr16	56884995	57727168	56901288	57695604	45	0.76	-0.689458	1	DLOH	1	0	1	1	1	1.261456779	-1.339369875	1	1	HETD	1	0
chr16	57727169	62370398	57758732	58327646	22	0.755682	-0.544095	2	NLOH	2	0	2	1	1	1.595490191	-1.000460912	1	2	NEUT	2	0
chr16	62370399	70080514	66413150	69970000	40	0.565034	0.298796	8	BCNA	4	2	2	1	1	4.361350072	0.450314144	0.593209715	4	AMP	2	2
chr16	70080515	71948224	70191029	71928850	33	0.75	-0.614919	2	NLOH	2	0	2	1	1	1.42853665	-1.159922602	1	2	NEUT	2	0
chr16	71948225	72031574	71967599	72020323	17	0.574468	0.16422	8	BCNA	4	2	2	1	1	3.804630515	0.253295702	0.611451894	4	AMP	2	2
chr16	72031575	72573597	72042825	72162855	22	0.75	-0.480489	2	NLOH	2	0	2	1	1	1.752576584	-0.864983163	1	2	NEUT	2	0
chr16	72573598	73739809	72984340	72993831	3	0.617284	0.922873	24	BCNA	8	4	4	1	1	7.744483213	1.27870832	0.645899528	8	HLAMP	5	3
chr16	73739810	75101971	74485788	74999617	20	0.597414	0.215373	8	BCNA	4	2	2	1	1	4.010148041	0.329194845	0.643314393	4	AMP	2	2
chr16	75101972	76879055	75204325	76532392	17	0.75	-0.45052	2	NLOH	2	0	2	1	1	1.829025231	-0.803385674	1	2	NEUT	2	0
chr16	76879056	79943627	77225718	79245465	25	0.631579	0.359639	11	UBCNA	5	2	3	1	1	4.630607512	0.536740828	0.685270315	5	HLAMP	3	2
chr16	79943628	83423785	80641789	83065965	49	0.769231	-0.570208	2	NLOH	2	0	2	1	1	1.532978112	-1.058123554	1	2	NEUT	2	0
chr16	83423786	84211218	83781604	84209864	17	0.56	0.013024	5	GAIN	3	1	2	1	1	3.238081514	0.020678652	0.59501216	3	GAIN	2	1
chr16	84211219	84403894	84212571	84351828	19	0.673333	0.918423	22	UBCNA	8	2	6	1	1	7.714812813	1.273170501	0.715786284	8	HLAMP	6	2
chr16	84403895	84549891	84455961	84476297	7	0.625899	0.612323	14	UBCNA	6	2	4	1	1	5.878703927	0.881037469	0.666365545	6	HLAMP	4	2
chr16	84549892	84957975	84623484	84905980	8	0.725	0.971495	22	UBCNA	8	2	6	1	1	8.074704248	1.338948768	0.77765157	8	HLAMP	6	2
chr16	84957976	86202349	85009970	85839211	15	0.602273	0.319058	8	BCNA	4	2	2	1	1	4.449760347	0.479266986	0.645701998	4	AMP	2	2
chr16	86202350	90354753	86565486	90102835	95	0.758621	-0.555039	2	NLOH	2	0	2	1	1	1.56915348	-1.024474181	1	2	NEUT	2	0
chr17	1	6502490	423051	6493198	225	0.844156	-0.026953	4	ALOH	3	0	3	1	1	3.097946023	-0.043148644	1	3	GAIN	3	0
chr17	6502491	18060876	6511781	17957348	175	0.828829	0.113039	6	ALOH	4	0	4	1	1	3.606165599	0.176004997	1	4	AMP	4	0
chr17	18060877	20185313	18164404	19463343	28	0.681487	1.333644	22	UBCNA	8	2	6	1	1	10.91789171	1.774161736	0.712896583	11	HLAMP	8	3
chr17	20185314	29177575	20907282	29167653	87	0.554348	0.137018	8	BCNA	4	2	2	1	1	3.69827288	0.212391027	0.582115709	4	AMP	2	2
chr17	29177576	38590776	29187497	38572366	92	0.556848	-0.031333	5	GAIN	3	1	2	1	1	3.082827063	-0.05020669	0.591691475	3	GAIN	2	1
chr17	38590777	39565381	38609187	39553547	43	0.555556	0.218715	8	BCNA	4	2	2	1	1	4.023830491	0.334108879	0.581644357	4	AMP	2	2
chr17	39565382	48353492	39577215	48273903	176	0.551862	-0.045086	5	GAIN	3	1	2	1	1	3.035651462	-0.072454494	0.584143432	3	GAIN	2	1
chr17	48353493	48504744	48433081	48469724	8	0.736484	0.68212	13	ASCNA	6	1	5	1	1	6.263767787	0.972570078	0.807822102	6	HLAMP	5	1
chr17	48504745	81195210	48539763	81006387	521	0.552632	-0.014552	5	GAIN	3	1	2	1	1	3.141001806	-0.023235879	0.584293911	3	GAIN	2	1
chr18	1	1762084	196829	907710	20	0.825494	-0.024411	4	ALOH	3	0	3	1	1	3.106741616	-0.039058392	1	3	GAIN	3	0
chr18	1762085	4479878	2616457	3814148	16	0.579545	0.317583	8	BCNA	4	2	2	1	1	4.443282411	0.477165189	0.613372072	4	AMP	2	2
chr18	4479879	5695155	5145609	5434195	4	0.543054	1.020846	24	BCNA	8	4	4	1	1	8.421452993	1.399608518	0.552714106	8	HLAMP	4	4
chr18	5695156	7407023	5956116	7039943	19	0.56	0.488987	11	UBCNA	5	2	3	1	1	5.242192299	0.715709625	0.581626873	5	HLAMP	3	2
chr18	7407024	16943355	7774104	14105853	70	0.666667	0.110221	7	ASCNA	4	1	3	1	1	3.595441382	0.171708237	0.75425666	4	AMP	3	1
chr18	16943356	26305130	19780858	24035788	42	0.583006	0.300879	8	BCNA	4	2	2	1	1	4.370381781	0.453298662	0.618893693	4	AMP	2	2
chr18	26305131	54789988	28574472	54361837	115	0.805195	-0.178637	4	ALOH	3	0	3	1	1	2.600190629	-0.295843255	1	3	GAIN	3	0
chr18	54789989	60109438	55218139	60027448	48	0.72	-1.063762	1	DLOH	1	0	1	1	1	0.541383793	-2.559737048	1	1	HETD	1	0
chr18	60109439	60498259	60191428	60383982	2	0.712327	-0.034882	7	ASCNA	4	1	3	1	1	3.070610183	-0.055935279	0.84298499	4	AMP	3	1
chr18	60498260	78077248	60612536	77894844	79	0.677419	-0.820753	1	DLOH	1	0	1	1	1	0.98735667	-1.692817413	1	1	HETD	1	0
chr19	1	9039533	281360	9033548	336	0.574734	0.287393	8	BCNA	4	2	2	1	1	4.312138067	0.43394272	0.607481715	4	AMP	2	2
chr19	9039534	9150899	9045518	9088772	52	0.57555	-0.467699	3	HET	2	1	1	NA	NA	1.785008754	-0.838529502	0.655524135	2	NEUT	1	1
chr19	9150900	33382564	9213026	33373040	378	0.578947	0.277991	8	BCNA	4	2	2	1	1	4.271853347	0.420401468	0.61386704	4	AMP	2	2
chr19	33382565	56966293	33392087	56896574	613	0.625	-0.126469	5	GAIN	3	1	2	1	1	2.765510624	-0.206914767	0.710406341	3	GAIN	2	1
chr19	56966294	57075891	57036012	57066013	6	0.741338	0.678555	13	ASCNA	6	1	5	1	1	6.243645275	0.967927923	0.814374999	6	HLAMP	5	1
chr19	57075892	59128983	57085769	58718269	43	0.689655	0.209325	7	ASCNA	4	1	3	1	1	3.98546742	0.320288283	0.779571722	4	AMP	3	1
chr20	1	19091394	138125	18548056	173	0.6	-0.220828	5	GAIN	3	1	2	1	1	2.470791788	-0.369487211	0.676474965	3	GAIN	2	1
chr20	19091395	24947614	19634732	24944447	36	0.594118	0.327678	8	BCNA	4	2	2	1	1	4.487750578	0.491531844	0.63374575	4	AMP	2	2
chr20	24947615	31447085	24950781	31427635	42	0.575188	0.708643	15	BCNA	6	3	3	1	1	6.415047265	1.006999243	0.597334449	6	HLAMP	3	3
chr20	31447086	32638531	31466534	32264533	44	0.547494	0.329228	8	BCNA	4	2	2	1	1	4.494605879	0.493733963	0.567460529	4	AMP	2	2
chr20	32638532	34106503	33012529	34096725	46	0.701695	1.291353	22	UBCNA	8	2	6	1	1	10.54790554	1.724424	0.737826362	11	HLAMP	8	3
chr20	34106504	36586773	34116282	36561882	25	0.595745	0.255125	8	BCNA	4	2	2	1	1	4.174968186	0.387304553	0.639077961	4	AMP	2	2
chr20	36586774	36755780	36611664	36718059	6	0.821241	2.137707	6	ALOH	4	0	4	1	1	20.47237997	2.681146273	0.850890547	4	AMP	4	0
chr20	36755781	37521862	36793501	37396120	17	0.821429	-0.379997	2	NLOH	2	0	2	1	1	2.015315135	-0.663455201	1	2	NEUT	2	0
chr20	37521863	40857042	37647605	40733082	11	0.687898	0.971189	22	UBCNA	8	2	6	1	1	8.072591026	1.338571152	0.731878953	8	HLAMP	6	2
chr20	40857043	41753262	40981002	41306600	4	0.568323	0.448294	8	BCNA	4	2	2	1	1	5.043843526	0.660062868	0.593918331	4	AMP	2	2
chr20	41753263	43589158	42199925	43577644	33	0.808824	-0.190323	4	ALOH	3	0	3	1	1	2.563970197	-0.316081159	1	3	GAIN	3	0
chr20	43589159	45187014	43600673	45131759	51	0.546053	0.638185	15	BCNA	6	3	3	1	1	6.0192144	0.915114554	0.560509846	6	HLAMP	3	3
chr20	45187015	51287773	45242269	50705211	51	0.604651	1.103874	23	UBCNA	8	3	5	1	1	9.032264628	1.500627103	0.626543843	9	HLAMP	6	3
chr20	51287774	53869572	51870336	52782438	7	0.8	1.414602	21	ASCNA	8	1	7	1	1	11.65713869	1.868681158	0.848627812	12	HLAMP	10	2
chr20	53869573	55844464	54956707	55759048	19	0.77027	-0.479009	2	NLOH	2	0	2	1	1	1.756314792	-0.861909203	1	2	NEUT	2	0
chr20	55844465	57384397	55929881	57290347	28	0.602096	0.088542	8	BCNA	4	2	2	1	1	3.51363622	0.13850418	0.657000427	4	AMP	2	2
chr20	57384398	57743107	57478448	57610059	5	0.787879	-0.292728	4	ALOH	3	0	3	1	1	2.258810991	-0.498897095	1	3	GAIN	3	0
chr20	57743108	59237421	57876155	58644995	6	0.7718	1.456197	21	ASCNA	8	1	7	1	1	12.05339395	1.916906876	0.81440843	12	HLAMP	10	2
chr20	59237422	62349491	59829847	62333115	64	0.605748	-0.233001	5	GAIN	3	1	2	1	1	2.434155505	-0.391039315	0.687835925	3	GAIN	2	1
chr20	62349492	63025520	62365866	62904542	20	0.619869	0.236964	7	ASCNA	4	1	3	1	1	4.099105194	0.360848362	0.675124212	4	AMP	3	1
chr21	1	38937602	15481365	38877503	151	0.558282	0.088758	8	BCNA	4	2	2	1	1	3.514445242	0.138836325	0.589617245	4	AMP	2	2
chr21	38937603	44467633	38997701	44449917	72	0.567117	-0.046627	5	GAIN	3	1	2	1	1	3.03039348	-0.07495552	0.608966372	3	GAIN	2	1
chr21	44467634	48129895	44485350	47858248	114	0.551372	0.083669	8	BCNA	4	2	2	1	1	3.495416675	0.131003792	0.579142452	4	AMP	2	2
chr22	1	24191777	17288988	24158899	110	0.772209	-0.408468	2	NLOH	2	0	2	1	1	1.939009867	-0.719140507	1	2	NEUT	2	0
chr22	24191778	31422974	24224655	31354653	96	0.78048	-0.269443	4	ALOH	3	0	3	1	1	2.326308284	-0.456418355	1	3	GAIN	3	0
chr22	31422975	31758522	31491295	31678958	8	0.557942	0.206488	8	BCNA	4	2	2	1	1	3.973925818	0.31610429	0.585492479	4	AMP	2	2
chr22	31758523	32155661	31838085	32112461	21	0.777778	-0.400489	2	NLOH	2	0	2	1	1	1.960242772	-0.703428311	1	2	NEUT	2	0
chr22	32155662	33095341	32198862	32937401	21	0.54	0.363197	8	BCNA	4	2	2	1	1	4.646707452	0.541748167	0.5562656	4	AMP	2	2
chr22	33095342	37558454	33253280	37538328	51	0.64	0.74011	14	UBCNA	6	2	4	1	1	6.59817055	1.047605418	0.680092204	6	HLAMP	4	2
chr22	37558455	38043413	37578579	38025375	15	0.814159	-0.469965	2	NLOH	2	0	2	1	1	1.77924178	-0.843198081	1	2	NEUT	2	0
chr22	38043414	38295403	38061450	38282897	18	0.665172	0.981316	22	UBCNA	8	2	6	1	1	8.142766209	1.351058329	0.70350033	8	HLAMP	6	2
chr22	38295404	38356559	38307909	38343143	5	0.809917	-0.431136	4	ALOH	3	0	3	1	1	1.87932486	-0.764246179	1	3	GAIN	3	0
chr22	38356560	41145439	38369976	41075695	35	0.555556	0.2279	8	BCNA	4	2	2	1	1	4.06159838	0.347586938	0.581401767	4	AMP	2	2
chr22	41145440	42156701	41215183	42016699	6	0.637331	0.937835	23	UBCNA	8	3	5	1	1	7.844916257	1.297297395	0.67040873	8	HLAMP	5	3
chr22	42156702	44896242	42296703	44594476	52	0.649832	0.755757	14	UBCNA	6	2	4	1	1	6.690726468	1.067702213	0.692146259	6	HLAMP	4	2
chr22	44896243	51304566	45198009	51065361	49	0.802083	-0.173903	4	ALOH	3	0	3	1	1	2.614947234	-0.287678816	1	3	GAIN	3	0
chrX	1	55238507	2847017	55187421	128	0.590157	0.329224	8	BCNA	4	2	2	1	1	4.494588178	0.493728282	0.628059249	4	HLAMP	2	2
chrX	55238508	126253384	55289593	123630790	114	0.8	-0.116645	4	ALOH	3	0	3	1	1	2.79731724	-0.190416775	1	3	GAIN	3	0
chrX	126253385	135804931	128875978	135496398	45	0.8	-0.362777	2	NLOH	2	0	2	1	1	2.062202699	-0.630274506	1	2	NEUT	2	0
chrX	135804932	155270560	136113464	153760508	47	0.802083	0.044852	4	ALOH	3	0	3	1	1	3.35246147	0.0707601	0.972345076	3	GAIN	3	0
chrY	1	59373566	Fill_In	Fill_In	Fill_In	Fill_In	Fill_In	Fill_In	NA	1	0	1	Fill_In	Fill_In	Fill_In	Fill_In	Fill_In	Fill_In	NA	1	0